# time, x_l, y_l, z_l, euler_r_l, euler_p_l, euler_y_l, x_r, y_r, z_r, euler_r_r, euler_p_r, euler_y_r,
2.917766571044921875e-03,3.748922348022460938e-01,2.915161252021789551e-01,8.209613561630249023e-01,4.748876564763759855e-01,-6.207065868939043440e-02,-1.406545958531164375e+00,3.812376856803894043e-01,-2.228842675685882568e-01,8.232485055923461914e-01,-6.762916140830789180e-01,-7.489232831996006645e-02,2.192487548979062950e+00
9.975767135620117188e-02,3.720707297325134277e-01,2.836183309555053711e-01,8.232228755950927734e-01,4.535964845325728967e-01,-8.972386761032113967e-02,-1.420217491575031410e+00,3.913748562335968018e-01,-1.424948722124099731e-01,8.368115425109863281e-01,-4.863503969202783717e-01,4.475856577310377560e-02,2.351807964043538313e+00
1.980826854705810547e-01,3.723741471767425537e-01,2.797042429447174072e-01,8.247390389442443848e-01,4.534793484153891163e-01,-1.032951057099642522e-01,-1.413222337805063011e+00,4.082160890102386475e-01,-6.598034501075744629e-02,8.425896763801574707e-01,-3.940946351503180622e-01,1.151680023289181065e-01,2.461623279800930764e+00
2.827196121215820312e-01,3.720049858093261719e-01,2.804789543151855469e-01,8.216932415962219238e-01,4.452062009800393239e-01,-8.138878377330716063e-02,-1.406357298565957592e+00,4.264563918113708496e-01,1.002475619316101074e-04,8.443744778633117676e-01,-3.223212216436821542e-01,1.293042820502985357e-01,2.487222042006732359e+00
3.657193183898925781e-01,3.719580769538879395e-01,2.795075476169586182e-01,8.218497633934020996e-01,4.241603161821157486e-01,-5.356723022699427794e-02,-1.399416242726406301e+00,4.394739866256713867e-01,3.564824163913726807e-02,8.432757258415222168e-01,-3.088089650173062584e-01,1.041857598628499471e-01,2.489093038301633420e+00
4.504172801971435547e-01,3.729113936424255371e-01,2.775660455226898193e-01,8.209731578826904297e-01,4.278230534568367438e-01,-3.027197284461546900e-02,-1.393767590267336987e+00,4.528205990791320801e-01,7.050720602273941040e-02,8.395628333091735840e-01,-3.316049157429883376e-01,5.001870202297697965e-02,2.489354941632551110e+00
5.332448482513427734e-01,3.747077882289886475e-01,2.779076099395751953e-01,8.199602365493774414e-01,4.393741041282123727e-01,-1.905408250887408173e-02,-1.393697162484675678e+00,4.579159617424011230e-01,8.125427365303039551e-02,8.387981057167053223e-01,-3.387470579166653728e-01,3.728295862685393480e-02,2.479153166151268906e+00
6.165695190429687500e-01,3.807480931282043457e-01,2.807239294052124023e-01,8.169906139373779297e-01,4.615417236409336543e-01,-9.196812493364125984e-03,-1.402036357444607084e+00,4.651659429073333740e-01,8.691785484552383423e-02,8.366059660911560059e-01,-3.691303775864425152e-01,3.099856688147539785e-02,2.468033053477268979e+00
7.000768184661865234e-01,3.827847242355346680e-01,2.829979658126831055e-01,8.148453831672668457e-01,4.855327388782975095e-01,-2.494278375061198538e-02,-1.420635124802543947e+00,4.689086973667144775e-01,8.750199526548385620e-02,8.356630802154541016e-01,-3.829926115825117439e-01,1.187930969602857267e-02,2.480388883010399503e+00
7.835690975189208984e-01,3.816320300102233887e-01,2.844465076923370361e-01,8.144580125808715820e-01,4.777074960930280390e-01,-2.368483308928670539e-02,-1.412203920619497621e+00,4.709071815013885498e-01,8.493639528751373291e-02,8.340233564376831055e-01,-3.925024528781406730e-01,1.102329998485274132e-02,2.496634215800240142e+00
8.671307563781738281e-01,3.801527023315429688e-01,2.831967175006866455e-01,8.147742748260498047e-01,4.696960587112970487e-01,-1.913670772190201319e-02,-1.401485080679459649e+00,4.681749045848846436e-01,7.703731209039688110e-02,8.338934779167175293e-01,-3.649305796622139830e-01,1.892997898297532622e-02,2.493522792127165211e+00
9.514503479003906250e-01,3.795725703239440918e-01,2.827963531017303467e-01,8.138049840927124023e-01,4.624700070380156069e-01,-2.800652084238652861e-02,-1.401980868480315667e+00,4.659305810928344727e-01,6.265462189912796021e-02,8.325687646865844727e-01,-3.440914135901260718e-01,3.428493077846694881e-02,2.486558177279982296e+00
1.041547298431396484e+00,3.786020576953887939e-01,2.825088202953338623e-01,8.132950663566589355e-01,4.584153299466026676e-01,-4.259000709030003051e-02,-1.411723330688662736e+00,4.647514522075653076e-01,4.005867987871170044e-02,8.300190567970275879e-01,-3.205813875495224785e-01,3.277176664700798270e-02,2.472387276292447034e+00
1.133601903915405273e+00,3.753679394721984863e-01,2.796343564987182617e-01,8.166506290435791016e-01,4.414033673779815814e-01,-7.163709654631578161e-02,-1.413821361664238774e+00,4.588315486907958984e-01,1.802172698080539703e-02,8.317484855651855469e-01,-2.761876939813077136e-01,1.173494160882682102e-02,2.427046466006275161e+00
1.217358827590942383e+00,3.719588518142700195e-01,2.834240794181823730e-01,8.226970434188842773e-01,4.809219201046270875e-01,-1.335054478352415419e-01,-1.433589823874466651e+00,4.484290778636932373e-01,-4.169048741459846497e-02,8.391919136047363281e-01,-3.207543723098371657e-01,3.099584350819495349e-02,2.368114966536848609e+00
1.301411867141723633e+00,3.689190149307250977e-01,2.944372594356536865e-01,8.286147713661193848e-01,5.129529738416900297e-01,-1.733224500568530946e-01,-1.425880178563510681e+00,4.359316229820251465e-01,-1.000103726983070374e-01,8.501273393630981445e-01,-3.556536104061468473e-01,-1.625894954783690949e-02,2.242870145959331207e+00
1.384396553039550781e+00,3.585811555385589600e-01,3.125602304935455322e-01,8.423271179199218750e-01,6.452184433495049554e-01,-4.916848164084293149e-01,-1.517882897251201069e+00,4.092328548431396484e-01,-2.096983343362808228e-01,8.581906557083129883e-01,-4.758379434580390921e-01,-2.455831852600167675e-01,1.976649184186636710e+00
1.468269348144531250e+00,3.505433201789855957e-01,3.182317614555358887e-01,8.557757139205932617e-01,9.415775991459058858e-01,-8.872721383705877152e-01,-1.811101006821944637e+00,3.878122270107269287e-01,-2.853386700153350830e-01,8.462241888046264648e-01,-5.988343473981170284e-01,-5.813630864407679510e-01,1.847777062863021680e+00
1.551292896270751953e+00,3.415428400039672852e-01,2.961245775222778320e-01,8.733086585998535156e-01,1.436189852426473568e+00,-1.052879452087157386e+00,-2.325953216608995344e+00,3.485469818115234375e-01,-3.497674465179443359e-01,8.092636466026306152e-01,-3.821581186541168629e-01,-5.166901142116091528e-01,1.638332933188918705e+00
1.634676218032836914e+00,3.430173993110656738e-01,2.637070715427398682e-01,8.736065626144409180e-01,1.387236100292326801e+00,-1.009090119563033738e+00,-2.454747761851797883e+00,3.437720537185668945e-01,-3.453583419322967529e-01,7.903882861137390137e-01,-2.791361823455872360e-01,-5.006860049324153294e-01,1.620478491204792704e+00
1.717515230178833008e+00,3.438065052032470703e-01,2.068042606115341187e-01,8.628697991371154785e-01,9.955274717727422562e-01,-8.978575715919010491e-01,-2.365535008426030483e+00,3.537820279598236084e-01,-3.154743909835815430e-01,7.855528593063354492e-01,-2.396214162165225536e-01,-3.979592108773803982e-01,1.704082028857268671e+00
1.802363157272338867e+00,3.428369462490081787e-01,1.792206615209579468e-01,8.462476730346679688e-01,6.337531465289336641e-01,-5.444470772971647943e-01,-2.207747601454460806e+00,3.493791520595550537e-01,-2.796010076999664307e-01,7.943360805511474609e-01,-2.021637234230020397e-01,-3.124470002084194231e-01,1.717625158674410901e+00
1.887499809265136719e+00,3.448774814605712891e-01,1.803062409162521362e-01,8.397170305252075195e-01,5.464056907462462309e-01,-4.552732053902095455e-01,-2.150301685198306778e+00,3.532486557960510254e-01,-2.763978242874145508e-01,7.874069213867187500e-01,-2.359690077980668432e-01,-2.924098554572773789e-01,1.732819139133864983e+00
1.989069461822509766e+00,3.507291972637176514e-01,1.977830529212951660e-01,8.335883617401123047e-01,4.995300285890178493e-01,-4.493140051814787927e-01,-2.066876606731026911e+00,3.562063276767730713e-01,-2.791497707366943359e-01,7.837344408035278320e-01,-2.941498287181926186e-01,-3.218579013226645635e-01,1.801592964161863986e+00
2.073445558547973633e+00,3.546690940856933594e-01,2.099909186363220215e-01,8.318708539009094238e-01,4.821360613195466716e-01,-4.964896272175935987e-01,-1.986987588493116519e+00,3.554213941097259521e-01,-2.789871990680694580e-01,7.838679552078247070e-01,-3.178062836304731409e-01,-3.444952724151379986e-01,1.841758943742669574e+00
2.158955574035644531e+00,3.534149229526519775e-01,2.109729945659637451e-01,8.331356048583984375e-01,4.790663112126636314e-01,-5.038510732520149471e-01,-1.973697887911907145e+00,3.560014963150024414e-01,-2.805485427379608154e-01,7.829843163490295410e-01,-3.200558702987598148e-01,-3.486666404472504865e-01,1.849038289595440698e+00
2.249744653701782227e+00,3.494836390018463135e-01,2.056222856044769287e-01,8.354457616806030273e-01,4.604461868067564190e-01,-5.080307929792593491e-01,-1.974465169660891917e+00,3.545131683349609375e-01,-2.789095938205718994e-01,7.842748165130615234e-01,-3.201628369388711537e-01,-3.466832783943214480e-01,1.842780367311804168e+00
2.336642980575561523e+00,3.474258482456207275e-01,2.023139894008636475e-01,8.363522291183471680e-01,4.600529485871662772e-01,-4.878330045154708472e-01,-1.985379010835817581e+00,3.537691235542297363e-01,-2.782832384109497070e-01,7.849812507629394531e-01,-3.229167923697613407e-01,-3.316273871424599839e-01,1.839907889707035560e+00
2.419863700866699219e+00,3.470176756381988525e-01,2.023545056581497192e-01,8.368592262268066406e-01,4.653034821694999046e-01,-4.939657871528999600e-01,-1.992644882108407955e+00,3.537363111972808838e-01,-2.787600755691528320e-01,7.847496867179870605e-01,-3.252812124660259263e-01,-3.464472439232835210e-01,1.842422961137060167e+00
2.503754615783691406e+00,3.471093177795410156e-01,2.036132067441940308e-01,8.366838693618774414e-01,4.641153043820989144e-01,-5.061041374956802841e-01,-1.986495226760190747e+00,3.529959022998809814e-01,-2.787978947162628174e-01,7.850946187973022461e-01,-3.184144709073715163e-01,-3.516437627558290924e-01,1.837950519193781496e+00
2.590496540069580078e+00,3.470325171947479248e-01,2.039054036140441895e-01,8.368761539459228516e-01,4.596576152400668747e-01,-5.053911831815480760e-01,-1.981183864360953173e+00,3.527545034885406494e-01,-2.793939113616943359e-01,7.846740484237670898e-01,-3.178122698928697032e-01,-3.503306855837384770e-01,1.841111146859957248e+00
2.685006618499755859e+00,3.469471931457519531e-01,2.045299559831619263e-01,8.372228741645812988e-01,4.601303359403461357e-01,-5.019535015538991729e-01,-1.984507771759285610e+00,3.518042862415313721e-01,-2.789809703826904297e-01,7.847664952278137207e-01,-3.183577156385007934e-01,-3.465078179300409289e-01,1.839968412591953761e+00
2.776171207427978516e+00,3.465191423892974854e-01,2.047175019979476929e-01,8.374822139739990234e-01,4.573963935449640861e-01,-5.005929788808125558e-01,-1.983346220082139233e+00,3.510265648365020752e-01,-2.783809006214141846e-01,7.849618792533874512e-01,-3.192308666209672241e-01,-3.495327559598184752e-01,1.841602136170413573e+00
2.870827913284301758e+00,3.462411165237426758e-01,2.046125680208206177e-01,8.377948999404907227e-01,4.534010301236648388e-01,-4.991258289650577495e-01,-1.980264480597352161e+00,3.517779707908630371e-01,-2.788160145282745361e-01,7.844363451004028320e-01,-3.172604051752687671e-01,-3.436332305971583345e-01,1.835971046466955636e+00
2.965451240539550781e+00,3.461680412292480469e-01,2.045471519231796265e-01,8.376736044883728027e-01,4.532407406410994266e-01,-4.964116187311606865e-01,-1.978594078104125131e+00,3.523319065570831299e-01,-2.794032394886016846e-01,7.838507890701293945e-01,-3.193095783981535485e-01,-3.425206920100509755e-01,1.838606753780181347e+00
3.057585239410400391e+00,3.461385369300842285e-01,2.045275866985321045e-01,8.375502228736877441e-01,4.478614230130775198e-01,-4.983445506641954736e-01,-1.975745068931480830e+00,3.528939783573150635e-01,-2.798539400100708008e-01,7.835219502449035645e-01,-3.219203145414623046e-01,-3.404624297688152446e-01,1.838252484322731028e+00
3.145647287368774414e+00,3.465805649757385254e-01,2.043913751840591431e-01,8.369971513748168945e-01,4.488733719513569032e-01,-4.961013221108458993e-01,-1.975635745467700488e+00,3.522839844226837158e-01,-2.795364260673522949e-01,7.843870520591735840e-01,-3.247032938066010122e-01,-3.365929956981505988e-01,1.843382707667526210e+00
3.236250162124633789e+00,3.467817008495330811e-01,2.044371813535690308e-01,8.365480899810791016e-01,4.543994980460102084e-01,-4.966977560538747838e-01,-1.977561655064572044e+00,3.511849641799926758e-01,-2.783552408218383789e-01,7.855594158172607422e-01,-3.159749497358469439e-01,-3.368260054589937713e-01,1.835592198997793467e+00
3.323899984359741211e+00,3.474128842353820801e-01,2.045186311006546021e-01,8.355922698974609375e-01,4.582308033422597404e-01,-4.903092818924559282e-01,-1.973824329664587651e+00,3.516561686992645264e-01,-2.799269258975982666e-01,7.849339842796325684e-01,-3.190010580118339822e-01,-3.351025791079362826e-01,1.842876365035775343e+00
3.409925699234008789e+00,3.475301861763000488e-01,2.053753137588500977e-01,8.371744155883789062e-01,4.478137495826830516e-01,-4.866881267572087388e-01,-1.965892307241697168e+00,3.526531159877777100e-01,-2.816225290298461914e-01,7.841905951499938965e-01,-3.566270197360026373e-01,-3.742692971175658467e-01,1.884308311264621061e+00
3.502823591232299805e+00,3.466950654983520508e-01,2.097784429788589478e-01,8.401469588279724121e-01,4.930772074990286136e-01,-4.797458521981001756e-01,-1.973019167900817550e+00,3.534191548824310303e-01,-2.840481102466583252e-01,7.832361459732055664e-01,-3.891036278223959366e-01,-3.789804580504760878e-01,1.910594548494408240e+00
3.586805343627929688e+00,3.462410867214202881e-01,2.246278822422027588e-01,8.496901988983154297e-01,6.230124685516305050e-01,-5.778338324033336360e-01,-1.999438904756289048e+00,3.526091277599334717e-01,-2.878544032573699951e-01,7.968076467514038086e-01,-6.072816063413352117e-01,-4.285528902777437921e-01,1.945178176146874716e+00
3.672138929367065430e+00,3.475830256938934326e-01,2.375950068235397339e-01,8.557431101799011230e-01,7.663441956614125417e-01,-6.885619120774328916e-01,-2.065363475489902179e+00,3.570382595062255859e-01,-3.039412200450897217e-01,8.108581304550170898e-01,-7.984667245558002557e-01,-5.640404630427540145e-01,1.979510818761210711e+00
3.754745483398437500e+00,3.448225855827331543e-01,2.526004612445831299e-01,8.649189472198486328e-01,1.011118933036301293e+00,-9.474815188928612519e-01,-2.171070160980957731e+00,3.674179613590240479e-01,-3.172612488269805908e-01,8.379309177398681641e-01,-1.260613377254825584e+00,-9.785069712895344551e-01,2.306824885294553873e+00
3.836295604705810547e+00,3.362993001937866211e-01,2.566610574722290039e-01,8.747435212135314941e-01,1.280034214773288603e+00,-1.162477834475964755e+00,-2.464180513868613254e+00,3.744618594646453857e-01,-3.133619427680969238e-01,8.570994734764099121e-01,-1.621462667763204912e+00,-1.150371300479234415e+00,2.673457269733992447e+00
3.921403884887695312e+00,3.361634016036987305e-01,2.466072440147399902e-01,8.779745101928710938e-01,2.190773306749809191e+00,-1.227982441242750911e+00,2.787161357369571046e+00,3.835934400558471680e-01,-2.710509598255157471e-01,8.696370124816894531e-01,-1.944890664883570874e+00,-1.151124668058538081e+00,-3.095943667254106746e+00
4.004106521606445312e+00,3.356254100799560547e-01,2.115992754697799683e-01,8.677473068237304688e-01,2.418831536835938767e+00,-1.205853147732407704e+00,2.361670275121223295e+00,3.810870051383972168e-01,-1.963010579347610474e-01,8.637157678604125977e-01,-1.799383720654439411e+00,-1.205002094335115626e+00,-2.967632158093292727e+00
4.086171388626098633e+00,3.331107795238494873e-01,1.830335557460784912e-01,8.628361225128173828e-01,2.385102487118095471e+00,-1.256131631021652595e+00,2.197488394206082329e+00,3.748090565204620361e-01,-1.497982144355773926e-01,8.553598523139953613e-01,-1.585837113585080171e+00,-1.286190437517061858e+00,-2.955134447580961332e+00
4.169956445693969727e+00,3.289910256862640381e-01,1.569071263074874878e-01,8.567204475402832031e-01,2.304561554725105488e+00,-1.283917223538209917e+00,2.134128210966055761e+00,3.672463297843933105e-01,-1.127633675932884216e-01,8.455467820167541504e-01,-1.127005015207924732e+00,-1.266404067097176789e+00,3.037286701831763747e+00
4.254511356353759766e+00,3.245613276958465576e-01,1.353382021188735962e-01,8.461460471153259277e-01,1.636337267699132347e+00,-1.372366121754493795e+00,2.687542525873493737e+00,3.527500033378601074e-01,-8.565589785575866699e-02,8.396239280700683594e-01,-7.958933527237685990e-01,-1.195423228760834622e+00,2.829643276193491097e+00
4.338814496994018555e+00,3.330104649066925049e-01,1.462337523698806763e-01,8.408229351043701172e-01,1.190001563420313602e+00,-1.370076509465981918e+00,-3.108458974061117708e+00,3.563741743564605713e-01,-9.336011856794357300e-02,8.419421911239624023e-01,-7.507744316256901307e-01,-1.187625434473449371e+00,2.807106072905575012e+00
4.421849012374877930e+00,3.402034640312194824e-01,1.654979139566421509e-01,8.443994522094726562e-01,1.353317042073415966e+00,-1.365698177323267259e+00,3.120771701977930856e+00,3.659850955009460449e-01,-1.142271831631660461e-01,8.461382389068603516e-01,-8.781875232005167398e-01,-1.217519012833309544e+00,2.818952970650642431e+00
4.503525733947753906e+00,3.503643572330474854e-01,2.040406465530395508e-01,8.560821413993835449e-01,1.526332477097405160e+00,-1.267393313118799103e+00,-3.086720405574001624e+00,3.799200057983398438e-01,-1.586489081382751465e-01,8.602171540260314941e-01,-1.324593797005863660e+00,-1.196697255587434672e+00,2.911857750717605331e+00
4.586030244827270508e+00,3.503596782684326172e-01,2.160264551639556885e-01,8.616795539855957031e-01,1.630328939682177847e+00,-1.232327640613600561e+00,-3.117944812509400698e+00,3.823553621768951416e-01,-1.741994917392730713e-01,8.662827014923095703e-01,-1.350900288369199398e+00,-1.149822165393010298e+00,2.782974568684426497e+00
4.670006275177001953e+00,3.373858034610748291e-01,2.462781965732574463e-01,8.786166906356811523e-01,1.973417121992958378e+00,-1.160065133301846574e+00,3.006757397572408230e+00,3.851181864738464355e-01,-2.230346351861953735e-01,8.799475431442260742e-01,-2.012646332245624947e+00,-1.086835108330773902e+00,3.132272375165455536e+00
4.754782199859619141e+00,3.297380805015563965e-01,2.684782445430755615e-01,8.881886005401611328e-01,2.374728517664645544e+00,-1.003755286704418825e+00,2.769119393561027209e+00,3.794641792774200439e-01,-2.522509694099426270e-01,8.848534822463989258e-01,-2.271253911543886783e+00,-1.058939199295800382e+00,-3.026141619064969479e+00
4.836683034896850586e+00,3.315814137458801270e-01,2.747469842433929443e-01,8.873425722122192383e-01,2.452453473483265256e+00,-9.547425953939210341e-01,2.803754876045782218e+00,3.783093690872192383e-01,-2.530270516872406006e-01,8.835985064506530762e-01,-2.288168972147776259e+00,-1.037468304536226293e+00,-3.071151753142743246e+00
4.922109842300415039e+00,3.360155224800109863e-01,2.577846646308898926e-01,8.812290430068969727e-01,2.132560484381092358e+00,-1.007714784783598994e+00,3.102475671311178296e+00,3.832328319549560547e-01,-2.236572802066802979e-01,8.782017230987548828e-01,-2.069205003676009014e+00,-1.046189285746330189e+00,3.070765740830595725e+00
5.004046916961669922e+00,3.368704915046691895e-01,2.133614718914031982e-01,8.642675280570983887e-01,1.452713061541135220e+00,-9.654870183828225816e-01,-2.969814060793413368e+00,3.801211714744567871e-01,-1.696176081895828247e-01,8.613914251327514648e-01,-1.489626200121705324e+00,-9.635212275887328204e-01,2.878063915177779819e+00
5.087290048599243164e+00,3.319503664970397949e-01,1.732139736413955688e-01,8.481967449188232422e-01,1.001899778347208780e+00,-9.908985487117640822e-01,-2.890313266727518204e+00,3.715436458587646484e-01,-1.317304223775863647e-01,8.458366990089416504e-01,-9.576394500010121380e-01,-8.664481621737674111e-01,2.723270206363069157e+00
5.170346736907958984e+00,3.273214399814605713e-01,1.396755427122116089e-01,8.320537805557250977e-01,5.542827726694741219e-01,-8.191091299876661624e-01,-2.628383400918937518e+00,3.529509603977203369e-01,-9.467206895351409912e-02,8.259590268135070801e-01,-6.337304609565259650e-01,-8.949995533602607134e-01,2.793177385692973580e+00
5.253936290740966797e+00,3.337007761001586914e-01,1.527745425701141357e-01,8.291494250297546387e-01,5.792918366677990427e-01,-8.471757187535943201e-01,-2.633690534992993104e+00,3.535998463630676270e-01,-9.846684336662292480e-02,8.260180354118347168e-01,-6.388893858464814723e-01,-9.155542197674687577e-01,2.819410029478166102e+00
5.337614774703979492e+00,3.413304090499877930e-01,1.922495216131210327e-01,8.434600830078125000e-01,9.982537388043677407e-01,-9.969043708648807067e-01,-2.875049991610983291e+00,3.717978000640869141e-01,-1.376877874135971069e-01,8.466060757637023926e-01,-8.653762713167527654e-01,-8.658112176593585341e-01,2.761415609809900751e+00
5.421677589416503906e+00,3.384053409099578857e-01,2.165377885103225708e-01,8.662831783294677734e-01,1.369294458708435691e+00,-9.922056778972250246e-01,-2.990604824995955369e+00,3.803601264953613281e-01,-1.799797862768173218e-01,8.679948449134826660e-01,-1.261846606824755135e+00,-9.039741691277956015e-01,2.834283462393491604e+00
5.503806352615356445e+00,3.384053409099578857e-01,2.165377885103225708e-01,8.662831783294677734e-01,1.369294458708435691e+00,-9.922056778972250246e-01,-2.990604824995955369e+00,3.803601264953613281e-01,-1.799797862768173218e-01,8.679948449134826660e-01,-1.261846606824755135e+00,-9.039741691277956015e-01,2.834283462393491604e+00
5.585714817047119141e+00,3.241607248783111572e-01,3.004436790943145752e-01,8.905636668205261230e-01,2.202559549915836357e+00,-8.375582512648558353e-01,3.045140278339353301e+00,3.747206032276153564e-01,-2.961138784885406494e-01,8.865901231765747070e-01,-2.452828485180383655e+00,-7.828209518603865824e-01,-3.035593933566068880e+00
5.672944307327270508e+00,3.171400427818298340e-01,3.239410817623138428e-01,8.862726688385009766e-01,2.319766015689259220e+00,-7.619916592471701611e-01,3.001938444107123516e+00,3.685878515243530273e-01,-3.230076134204864502e-01,8.772355318069458008e-01,-2.653514669647248692e+00,-7.270433305760982678e-01,-2.908753582761379075e+00
5.758824825286865234e+00,3.141531348228454590e-01,3.379564583301544189e-01,8.824864625930786133e-01,2.317378948212840850e+00,-7.735754382851485200e-01,3.107348729065643855e+00,3.675563633441925049e-01,-3.292695879936218262e-01,8.754794597625732422e-01,-2.741669082333039409e+00,-7.528059700925364695e-01,-2.906913220412089327e+00
5.840512275695800781e+00,3.177708387374877930e-01,3.291432261466979980e-01,8.811802864074707031e-01,2.323729939744378470e+00,-7.722865190698773308e-01,3.078823327845904068e+00,3.725428581237792969e-01,-3.118292689323425293e-01,8.759154081344604492e-01,-2.597454590237413097e+00,-8.258477675058104595e-01,-2.971115628262638086e+00
5.921285629272460938e+00,3.282378911972045898e-01,2.794656455516815186e-01,8.806782364845275879e-01,2.207918104464805964e+00,-8.639810878412288453e-01,2.977378696500558419e+00,3.814555704593658447e-01,-2.498450726270675659e-01,8.773336410522460938e-01,-2.169847300396704259e+00,-9.894175079372227177e-01,-3.126071546930324185e+00
6.004824876785278320e+00,3.315778672695159912e-01,2.205871641635894775e-01,8.736962080001831055e-01,1.939382522284109012e+00,-1.001471060580527483e+00,2.932913923720225302e+00,3.762007951736450195e-01,-1.830527782440185547e-01,8.755497932434082031e-01,-1.809795519255601004e+00,-1.078390153515317973e+00,-3.099427780888676320e+00
6.088316917419433594e+00,3.264458179473876953e-01,1.365231722593307495e-01,8.678144216537475586e-01,1.508675900268771741e+00,-1.172434627248826633e+00,2.951902569116422015e+00,3.612968921661376953e-01,-9.634055942296981812e-02,8.622996211051940918e-01,-1.270018743500774594e+00,-1.154276891732252341e+00,3.133806701698472974e+00
6.174192905426025391e+00,3.217085003852844238e-01,1.088686063885688782e-01,8.702621459960937500e-01,1.396482876902627623e+00,-1.223965898855275070e+00,3.044319184969737968e+00,3.473050594329833984e-01,-6.441042572259902954e-02,8.583985567092895508e-01,-1.153256786165033798e+00,-1.238807922327555655e+00,-3.117427593307186218e+00
6.258442640304565430e+00,3.292332887649536133e-01,1.248038336634635925e-01,8.655791282653808594e-01,1.238184820347540960e+00,-1.251580200024486889e+00,-2.989404626674297294e+00,3.521899580955505371e-01,-6.478565186262130737e-02,8.604592084884643555e-01,-1.134410220796308710e+00,-1.267258684503613564e+00,3.128932194710958736e+00
6.341382503509521484e+00,3.284132480621337891e-01,1.797420978546142578e-01,8.583325743675231934e-01,1.174905270809238456e+00,-1.307543752933006065e+00,-2.807631698280170784e+00,3.676764965057373047e-01,-1.073898747563362122e-01,8.660075068473815918e-01,-1.154009807809301513e+00,-1.258059161434643025e+00,3.032899577208257647e+00
6.422791481018066406e+00,3.200262188911437988e-01,2.249787747859954834e-01,8.582568168640136719e-01,1.231981085980418555e+00,-1.313026248377423766e+00,-2.726136315950900446e+00,3.742569684982299805e-01,-1.518077254295349121e-01,8.690501451492309570e-01,-1.154697571534499367e+00,-1.271899469826408113e+00,2.881085604862441585e+00
6.506143569946289062e+00,2.929430007934570312e-01,3.018792271614074707e-01,8.505402803421020508e-01,1.197061979043796853e+00,-1.148169559730992217e+00,-2.487052299512487075e+00,3.698073625564575195e-01,-2.390175163745880127e-01,8.717859983444213867e-01,-1.302521995298257185e+00,-1.230530604757744673e+00,2.750849981985336701e+00
6.590044260025024414e+00,2.661336064338684082e-01,3.342036306858062744e-01,8.479120135307312012e-01,1.315120127321840027e+00,-1.177094143745931021e+00,-2.508351062147525123e+00,3.564470708370208740e-01,-2.977965176105499268e-01,8.687878847122192383e-01,-1.672098497239984827e+00,-1.235367699110109019e+00,2.900751851697371375e+00
6.671593904495239258e+00,2.457795292139053345e-01,3.662722408771514893e-01,8.369737267494201660e-01,1.565037632187742167e+00,-1.223359712013159850e+00,-2.684571676426020126e+00,3.249260783195495605e-01,-3.659414947032928467e-01,8.578776717185974121e-01,-2.249614288810722229e+00,-1.243938269609953684e+00,-3.020609220867344291e+00
6.756860494613647461e+00,2.382678836584091187e-01,3.704423606395721436e-01,8.330006599426269531e-01,1.627072375508755497e+00,-1.230597601756095338e+00,-2.727503359159205942e+00,3.104152381420135498e-01,-3.871884047985076904e-01,8.536532521247863770e-01,-2.511458741215561119e+00,-1.216695337950091549e+00,-2.820737467867123094e+00
6.839350938796997070e+00,2.453869134187698364e-01,3.611035943031311035e-01,8.368310928344726562e-01,1.776958659233295545e+00,-1.243887146183261461e+00,-2.886316219048816745e+00,3.144060969352722168e-01,-3.756279647350311279e-01,8.568648099899291992e-01,-2.576344653386888783e+00,-1.195149097284131656e+00,-2.686142363213102069e+00
6.921620607376098633e+00,2.591897845268249512e-01,3.368353843688964844e-01,8.459203243255615234e-01,1.785754041041549334e+00,-1.241938128634454408e+00,-2.928847884196552620e+00,3.287181556224822998e-01,-3.407701849937438965e-01,8.643317222595214844e-01,-2.440591951063408427e+00,-1.236850864484362322e+00,-2.716295891327000778e+00
7.007389783859252930e+00,2.838283777236938477e-01,2.758935987949371338e-01,8.580246567726135254e-01,1.612583604632160217e+00,-1.234948188273756964e+00,-2.918053738667289565e+00,3.496361970901489258e-01,-2.562353014945983887e-01,8.739051818847656250e-01,-1.710957801062318318e+00,-1.344330568983250540e+00,3.110983022111803109e+00
7.088779687881469727e+00,2.969456315040588379e-01,2.251176834106445312e-01,8.603709936141967773e-01,1.519565140225582756e+00,-1.298864844331259150e+00,-2.944804212524769316e+00,3.549920916557312012e-01,-1.973801404237747192e-01,8.712800741195678711e-01,-1.136886090129181071e+00,-1.367089170793707176e+00,2.738565579116895243e+00
7.172933816909790039e+00,3.111822009086608887e-01,1.563462615013122559e-01,8.579214215278625488e-01,1.569874912190559524e+00,-1.382821062670546164e+00,3.061748020177935015e+00,3.528609871864318848e-01,-1.196920201182365417e-01,8.667656779289245605e-01,-8.577469196816442931e-01,-1.382385084798819053e+00,2.736931904758698408e+00
7.257578611373901367e+00,3.139220774173736572e-01,1.213888302445411682e-01,8.540055751800537109e-01,1.695559573245208895e+00,-1.454388109778393501e+00,2.831709651309872733e+00,3.484070897102355957e-01,-8.190454542636871338e-02,8.651013970375061035e-01,-5.478623550629794225e-01,-1.368852438061296084e+00,2.527109830158905002e+00
7.339690685272216797e+00,3.109151721000671387e-01,1.039863675832748413e-01,8.528957962989807129e-01,1.256687656354306792e+00,-1.476532176571306199e+00,-3.047928989543355005e+00,3.472470045089721680e-01,-6.119540333747863770e-02,8.626362085342407227e-01,-5.749633022525195702e-01,-1.403002371243116775e+00,2.637911751373465563e+00
7.422325611114501953e+00,3.149064183235168457e-01,1.170317083597183228e-01,8.494101762771606445e-01,1.113726121926389867e+00,-1.486941604246549087e+00,-2.900157317184341110e+00,3.499682843685150146e-01,-6.562212109565734863e-02,8.637763261795043945e-01,-5.681861334702029698e-01,-1.407606645976365423e+00,2.627438311375788871e+00
7.505406618118286133e+00,3.136253952980041504e-01,1.638707965612411499e-01,8.519405722618103027e-01,1.555948339512376100e+00,-1.499710753439444488e+00,3.066266808679892542e+00,3.584183454513549805e-01,-1.115799024701118469e-01,8.678478002548217773e-01,-8.938887640541175461e-01,-1.428876258902760377e+00,2.816679698378303343e+00
7.590280294418334961e+00,3.083136379718780518e-01,2.114309668540954590e-01,8.502342104911804199e-01,1.522852267856395159e+00,-1.465805424089809073e+00,-3.068977049073412289e+00,3.603115677833557129e-01,-1.579056382179260254e-01,8.700131177902221680e-01,-8.791841457830900097e-01,-1.423436730617058554e+00,2.629469513874485909e+00
7.675350189208984375e+00,2.927569448947906494e-01,2.585053741931915283e-01,8.523517251014709473e-01,1.828036904397643214e+00,-1.463635322696482222e+00,3.061928008441388016e+00,3.580541908740997314e-01,-2.140972018241882324e-01,8.688017725944519043e-01,-9.210878765249798095e-01,-1.344585096188495088e+00,2.462845668166121715e+00
7.756750345230102539e+00,2.566679418087005615e-01,3.252458572387695312e-01,8.436232805252075195e-01,1.964856547957148925e+00,-1.389523098538761214e+00,3.025631434555157817e+00,3.377622365951538086e-01,-3.012308776378631592e-01,8.648794889450073242e-01,-1.413968235179954958e+00,-1.357424599585704605e+00,2.691727940212194525e+00
7.839423418045043945e+00,2.324190735816955566e-01,3.568643331527709961e-01,8.374012708663940430e-01,1.883677232148233571e+00,-1.402076106321697768e+00,-3.070231809117815125e+00,3.190911114215850830e-01,-3.551816940307617188e-01,8.589428663253784180e-01,-1.863768266258097661e+00,-1.373450070773323706e+00,3.015651362968998939e+00
7.923599243164062500e+00,2.150417417287826538e-01,3.851227462291717529e-01,8.276621103286743164e-01,1.663531923619804065e+00,-1.398581815838219278e+00,-2.774649826500051208e+00,3.133730888366699219e-01,-3.915270268917083740e-01,8.678478598594665527e-01,-2.695256767807471032e+00,-1.337935159623284243e+00,-2.556836926348698302e+00
8.006567478179931641e+00,2.171289026737213135e-01,3.842300474643707275e-01,8.275992870330810547e-01,1.571567127421157339e+00,-1.408908847403059106e+00,-2.673130322381800816e+00,3.186554312705993652e-01,-3.864357471466064453e-01,8.683739900588989258e-01,-2.644565882805562484e+00,-1.350458927758949823e+00,-2.568789709864842674e+00
8.088898420333862305e+00,2.395819276571273804e-01,3.478913307189941406e-01,8.416022658348083496e-01,1.695241996483601188e+00,-1.412180505466727798e+00,-2.786179085405802613e+00,3.339252769947052002e-01,-3.388271629810333252e-01,8.730819225311279297e-01,-2.344519057983081467e+00,-1.393814900831948922e+00,-2.735231732948426142e+00
8.174602270126342773e+00,2.648605108261108398e-01,3.090934455394744873e-01,8.491050601005554199e-01,1.540333260793473213e+00,-1.336842211960958426e+00,-2.720815189145344704e+00,3.453519940376281738e-01,-2.877628505229949951e-01,8.801198005676269531e-01,-2.578175802649135928e+00,-1.422709917211270270e+00,-2.330161721260131547e+00
8.257786750793457031e+00,2.931183576583862305e-01,2.282946705818176270e-01,8.628847599029541016e-01,1.468258257920239007e+00,-1.395756175783979813e+00,-2.932401436715367016e+00,3.608932495117187500e-01,-1.946393698453903198e-01,8.842930197715759277e-01,-1.670765561733815741e+00,-1.474707852218309245e+00,-2.969522437655867986e+00
8.340629816055297852e+00,3.145658075809478760e-01,1.540839523077011108e-01,8.650414943695068359e-01,1.508644518678503577e+00,-1.474444051348768214e+00,3.100871079582681933e+00,3.634504675865173340e-01,-1.079957857728004456e-01,8.840635418891906738e-01,-1.025004406195146878e+00,-1.495011094531373930e+00,2.953197627773238132e+00
8.423446178436279297e+00,3.227892816066741943e-01,1.283272653818130493e-01,8.607745170593261719e-01,2.186469769124499862e+00,-1.501056892304316381e+00,2.323498312092457496e+00,3.604924082756042480e-01,-7.303030788898468018e-02,8.817955851554870605e-01,-7.285076883130305880e-01,-1.487822825691403672e+00,2.795958561799367192e+00
8.506476163864135742e+00,3.220410048961639404e-01,1.212858781218528748e-01,8.606246709823608398e-01,2.441381928232845944e+00,-1.505814081154396966e+00,2.042486253038978461e+00,3.605039119720458984e-01,-5.520235002040863037e-02,8.804775476455688477e-01,5.993917383755364980e-02,-1.543973653201125229e+00,2.054084390002279825e+00
8.589325189590454102e+00,3.189656138420104980e-01,1.379854083061218262e-01,8.584682345390319824e-01,2.446205369701059507e+00,-1.509137985680594651e+00,2.077245174986356080e+00,3.623499274253845215e-01,-6.655003130435943604e-02,8.800054788589477539e-01,-7.249217218155830089e-01,-1.555187787178680558e+00,2.835543820897135081e+00
8.674572944641113281e+00,3.123067915439605713e-01,1.887594610452651978e-01,8.574491143226623535e-01,2.516942670718995689e+00,-1.500769122111093701e+00,2.163243590171938013e+00,3.666062653064727783e-01,-1.155477389693260193e-01,8.811968564987182617e-01,-1.853888276717366335e+00,-1.526990410415185018e+00,-2.452472245837140630e+00
8.756844282150268555e+00,3.018816411495208740e-01,2.349853217601776123e-01,8.564029932022094727e-01,1.465631127906308118e+00,-1.498739840763154918e+00,-2.923060472233725449e+00,3.674837350845336914e-01,-1.659038960933685303e-01,8.810167908668518066e-01,-2.753915816878710565e+00,-1.456347253046186729e+00,-1.646840911851911171e+00
8.841105699539184570e+00,2.779215574264526367e-01,3.068075776100158691e-01,8.513838052749633789e-01,1.243758942700214032e+00,-1.400158431938988368e+00,-2.544868339930970169e+00,3.547724187374114990e-01,-2.465158402919769287e-01,8.829634785652160645e-01,-2.845934621595455738e+00,-1.273119869213725996e+00,-1.772497286637013225e+00
8.924216508865356445e+00,2.586247026920318604e-01,3.431904017925262451e-01,8.462309241294860840e-01,1.013456455598928940e+00,-1.362152663682264286e+00,-2.134998751779066062e+00,3.404082953929901123e-01,-2.962987422943115234e-01,8.818899989128112793e-01,-2.816076807601752829e+00,-1.269066450933560075e+00,-2.035291988384497319e+00
9.008280754089355469e+00,2.334756255149841309e-01,3.722022175788879395e-01,8.414013981819152832e-01,5.813434691459135051e-01,-1.001638343692208055e+00,-1.571378641483031302e+00,3.238712549209594727e-01,-3.617829978466033936e-01,8.707309961318969727e-01,-5.785367270374147664e-01,-1.104160843494129240e+00,1.644566626936972753e+00
9.090807676315307617e+00,2.254665791988372803e-01,3.822241723537445068e-01,8.394550085067749023e-01,4.362423227621409771e-01,-6.157503311996662676e-01,-1.413974586104584708e+00,3.132932186126708984e-01,-3.839887678623199463e-01,8.666847348213195801e-01,-4.081408271571616564e-01,-6.494957140546873120e-01,1.299550914134113944e+00
9.174180269241333008e+00,2.203473299741744995e-01,3.838342428207397461e-01,8.401303887367248535e-01,3.080023617065582586e-01,-4.716380459535707281e-02,-1.175593227943633412e+00,3.153214156627655029e-01,-3.821558952331542969e-01,8.687700629234313965e-01,-3.221250784581338178e-01,-2.156850783158277274e-01,1.140636260679425806e+00
9.259353399276733398e+00,2.210571020841598511e-01,3.804413080215454102e-01,8.399308323860168457e-01,2.737060085395382480e-01,-2.751713592752191850e-02,-1.172332886016424602e+00,3.239373266696929932e-01,-3.686604499816894531e-01,8.677158951759338379e-01,-2.792166360748528642e-01,-9.749047351500039760e-02,1.103106301969095870e+00
9.341263294219970703e+00,2.304536104202270508e-01,3.667260408401489258e-01,8.411723375320434570e-01,2.426466401045579424e-01,-1.935558437511957219e-01,-1.266062291305571019e+00,3.333728611469268799e-01,-3.419603109359741211e-01,8.702243566513061523e-01,-1.523554473717269042e-01,-3.029654019509899765e-01,1.262698356846836845e+00
9.423321485519409180e+00,2.501427829265594482e-01,3.371815979480743408e-01,8.424791097640991211e-01,3.220148326464780109e-01,-3.957055053924694032e-01,-1.435378265803259890e+00,3.424412608146667480e-01,-3.172383010387420654e-01,8.724430799484252930e-01,-1.696249260773717848e-01,-6.916730184023904826e-01,1.545721428049655621e+00
9.506381511688232422e+00,2.763086557388305664e-01,2.642950117588043213e-01,8.543426990509033203e-01,3.276929566509040326e-01,-1.018601992032780457e+00,-1.745067783162608244e+00,3.555940091609954834e-01,-2.566058933734893799e-01,8.731276392936706543e-01,-2.198777449852296062e-01,-1.413696481816013151e+00,1.932611331305450930e+00
9.590851068496704102e+00,2.883193492889404297e-01,2.187172770500183105e-01,8.627676963806152344e-01,2.506860836551788374e+00,-1.504744063152879674e+00,2.207479255211612035e+00,3.610336780548095703e-01,-2.079235315322875977e-01,8.718462586402893066e-01,-3.138675215734984647e+00,-1.298353141695348878e+00,-1.217326152949960827e+00
9.675849914550781250e+00,2.989680767059326172e-01,1.553995907306671143e-01,8.785883784294128418e-01,-3.128415414892801394e+00,-1.106298938844194613e+00,1.397516922133074324e+00,3.601588904857635498e-01,-1.404130160808563232e-01,8.707122206687927246e-01,-3.048746941207348904e+00,-1.088311516543639446e+00,-1.143482297160610228e+00
9.758311510086059570e+00,3.016848564147949219e-01,1.263700425624847412e-01,8.819582462310791016e-01,3.116652841931260021e+00,-9.948124688159393214e-01,1.346645603703116700e+00,3.529089093208312988e-01,-1.071361228823661804e-01,8.722218275070190430e-01,-3.067925510868567684e+00,-1.025028729621955570e+00,-1.063086592766308458e+00
9.840632438659667969e+00,3.044419884681701660e-01,1.078812107443809509e-01,8.812365531921386719e-01,3.123392188658594470e+00,-9.649721761998018010e-01,1.276255522269658327e+00,3.451908230781555176e-01,-8.429505676031112671e-02,8.748067617416381836e-01,-3.042590392809835897e+00,-1.056878973299756108e+00,-1.006643771921837738e+00
9.925105094909667969e+00,3.057566285133361816e-01,1.175615340471267700e-01,8.756297826766967773e-01,3.133234435473960744e+00,-1.085168664168612462e+00,1.279662500024251193e+00,3.452163040637969971e-01,-8.993451297283172607e-02,8.770505785942077637e-01,-3.013471042114503007e+00,-1.258600109751822238e+00,-1.048140507993526205e+00
1.000871348381042480e+01,3.059450387954711914e-01,1.596816182136535645e-01,8.691071271896362305e-01,1.264957561788033757e-01,-1.351544100669356041e+00,-1.894140636776676878e+00,3.570236861705780029e-01,-1.302758753299713135e-01,8.773261308670043945e-01,-2.502299133310759149e-01,-7.673752961055854138e-01,2.349470079632642872e+00
1.009166383743286133e+01,2.987295091152191162e-01,1.983304321765899658e-01,8.692076206207275391e-01,1.602275251275004919e-01,-9.532090738814291697e-01,-1.794547817625020691e+00,3.552233576774597168e-01,-1.665973663330078125e-01,8.739974498748779297e-01,-2.065806831899275053e-01,-2.375023658189956421e-01,2.053860137955770604e+00
1.017460727691650391e+01,2.835868299007415771e-01,2.644416391849517822e-01,8.669420480728149414e-01,1.991294682267632510e-01,-2.772362042501312906e-01,-1.529702736089535886e+00,3.589527904987335205e-01,-2.375204563140869141e-01,8.604511618614196777e-01,-3.174531322709401859e-01,1.810762237439733635e-01,1.774169327349325309e+00
1.025848007202148438e+01,2.637288868427276611e-01,3.039465248584747314e-01,8.631570339202880859e-01,1.819951470470750898e-01,-1.056347624207187863e-01,-1.375790439661776832e+00,3.557779788970947266e-01,-2.868561446666717529e-01,8.567904233932495117e-01,-3.139127853224493725e-01,2.703260164362648599e-01,1.568356552414157612e+00
1.034188604354858398e+01,2.377704828977584839e-01,3.483821153640747070e-01,8.527553081512451172e-01,1.591002851712964850e-01,1.955126602734091890e-02,-1.234035573214762316e+00,3.389770090579986572e-01,-3.532453775405883789e-01,8.578667640686035156e-01,-3.226486231415345851e-01,3.327628188723543712e-01,1.304671632829357941e+00
1.042431855201721191e+01,2.245357930660247803e-01,3.658635020256042480e-01,8.484941720962524414e-01,1.272386224926842502e-01,-6.296479375817121138e-03,-1.200877091967242238e+00,3.283939957618713379e-01,-3.819977641105651855e-01,8.578946590423583984e-01,-3.423208194457053044e-01,3.078758177976308463e-01,1.208008754092690484e+00
1.050888681411743164e+01,2.181405872106552124e-01,3.796486556529998779e-01,8.456110954284667969e-01,1.030007239126524698e-01,-3.043341060050954727e-01,-1.258424671919703863e+00,3.285146951675415039e-01,-3.874839544296264648e-01,8.600640296936035156e-01,-3.792160057991106892e-01,3.097925235048737402e-01,1.163034657097531843e+00
1.059229111671447754e+01,2.181405872106552124e-01,3.796486556529998779e-01,8.456110954284667969e-01,1.030007239126524698e-01,-3.043341060050954727e-01,-1.258424671919703863e+00,3.285146951675415039e-01,-3.874839544296264648e-01,8.600640296936035156e-01,-3.792160057991106892e-01,3.097925235048737402e-01,1.163034657097531843e+00
1.067707562446594238e+01,2.450488209724426270e-01,3.252722918987274170e-01,8.487060666084289551e-01,1.077173331713524806e+00,-1.441473338513374891e+00,-2.280199120987385086e+00,3.447804152965545654e-01,-3.117268085479736328e-01,8.694484233856201172e-01,-1.404892404124012950e-01,-1.049545991948159340e+00,1.570612124176947511e+00
1.075870609283447266e+01,2.649498283863067627e-01,2.784354090690612793e-01,8.571297526359558105e-01,3.006905140025279533e+00,-1.148200138333345111e+00,1.947342907984453309e+00,3.547575175762176514e-01,-2.639063894748687744e-01,8.753128647804260254e-01,6.069102112497475332e-01,-1.496530197048076438e+00,1.047340738077645828e+00
1.084245681762695312e+01,2.882933318614959717e-01,2.056852877140045166e-01,8.685582876205444336e-01,3.018707484502871186e+00,-9.647826803529683248e-01,1.728156521092749198e+00,3.585963845252990723e-01,-1.773253679275512695e-01,8.800739049911499023e-01,2.929645329587379443e+00,-1.521184824746434572e+00,-1.089962033261909768e+00
1.092662000656127930e+01,2.999780178070068359e-01,1.565018445253372192e-01,8.723543882369995117e-01,3.093999866516477848e+00,-9.754381726402640007e-01,1.553428170939235020e+00,3.581401705741882324e-01,-1.245092079043388367e-01,8.810347318649291992e-01,3.045350258984213632e+00,-1.477704428875448617e+00,-1.055090923451072804e+00
1.101035928726196289e+01,3.076214492321014404e-01,1.069592162966728210e-01,8.701951503753662109e-01,3.099784061308706207e+00,-9.807441079810024220e-01,1.372685574011767606e+00,3.523339629173278809e-01,-7.178787142038345337e-02,8.829389810562133789e-01,-3.120248801837992136e+00,-1.476679144872027116e+00,-1.038400094552062836e+00
1.109280872344970703e+01,3.108758032321929932e-01,9.832170605659484863e-02,8.706373572349548340e-01,3.108377066731811578e+00,-1.004008727449548610e+00,1.345931240124242034e+00,3.516148626804351807e-01,-6.135559082031250000e-02,8.827790021896362305e-01,-2.916315161491846553e+00,-1.511046519237889019e+00,-1.185386831319499068e+00
1.117780351638793945e+01,3.153825700283050537e-01,1.245980113744735718e-01,8.644379377365112305e-01,3.117862994780105979e+00,-1.227884694077386207e+00,1.372179118446868351e+00,3.554778695106506348e-01,-7.885091006755828857e-02,8.825665116310119629e-01,-1.448922341969764993e-01,-1.480457812451952071e+00,2.287167934770804933e+00
1.125994157791137695e+01,3.112730979919433594e-01,1.554281115531921387e-01,8.594475388526916504e-01,1.113712322055527393e+00,-1.554887477039219812e+00,-2.814182944207432868e+00,3.607370555400848389e-01,-1.100458577275276184e-01,8.817649483680725098e-01,-6.154747955516759461e-02,-1.072043891598274401e+00,2.114620697374125946e+00
1.134305262565612793e+01,2.988101541996002197e-01,2.149382531642913818e-01,8.512053489685058594e-01,3.535079635810336462e-01,-9.336859182125304413e-01,-1.846320526275530227e+00,3.632932901382446289e-01,-1.760707497596740723e-01,8.710678219795227051e-01,-1.547841675303696096e-01,-2.033093871343636394e-01,1.909508678495499767e+00
1.142780303955078125e+01,2.908357977867126465e-01,2.629830539226531982e-01,8.439757823944091797e-01,3.617303071010369298e-01,-3.971315620393669477e-01,-1.639506672301490608e+00,3.630788624286651611e-01,-2.299039363861083984e-01,8.595783710479736328e-01,-2.475531637190486745e-01,1.973027754290272995e-01,1.689103552939905883e+00
1.151101708412170410e+01,2.675057351589202881e-01,3.277401030063629150e-01,8.394963741302490234e-01,2.876907612165564565e-01,-1.150374376795657572e-01,-1.380933616456772040e+00,3.524922728538513184e-01,-3.058319389820098877e-01,8.583202362060546875e-01,-3.056603367976002961e-01,3.294785166394176290e-01,1.395970133273853886e+00
1.159372234344482422e+01,2.517348825931549072e-01,3.613530397415161133e-01,8.366837501525878906e-01,2.553501541151702581e-01,-6.120956137259936369e-02,-1.310912901836955857e+00,3.366564512252807617e-01,-3.429701924324035645e-01,8.639270663261413574e-01,-3.519566076531965848e-01,3.515588088081105234e-01,1.240654597581163587e+00
1.167638564109802246e+01,2.365857809782028198e-01,3.787485659122467041e-01,8.356683254241943359e-01,1.964344473995721652e-01,-1.962642620957790740e-01,-1.262113685228247739e+00,3.259258866310119629e-01,-3.735405802726745605e-01,8.712188005447387695e-01,-3.546380844132211441e-01,1.689785821657598941e-01,1.163941507746940607e+00
1.176071333885192871e+01,2.407452166080474854e-01,3.743127286434173584e-01,8.393066525459289551e-01,2.096072787070423216e-01,-5.438145251767323440e-01,-1.323491851593062485e+00,3.304178416728973389e-01,-3.693717122077941895e-01,8.754131793975830078e-01,-2.621409246066584986e-01,-1.787544726729046740e-01,1.191685500481144189e+00
1.184386205673217773e+01,2.556648254394531250e-01,3.335077166557312012e-01,8.493799567222595215e-01,5.332157959428499572e-01,-1.320226395255453378e+00,-1.749581773355174619e+00,3.389657735824584961e-01,-3.323315382003784180e-01,8.815231323242187500e-01,1.729144395139070589e-02,-1.067263659763449946e+00,1.316785584814451182e+00
1.192801189422607422e+01,2.692286670207977295e-01,2.916965484619140625e-01,8.569926023483276367e-01,2.747060888949072854e+00,-1.332089304958007370e+00,2.333082282146304642e+00,3.443784117698669434e-01,-2.890029549598693848e-01,8.867907524108886719e-01,4.338415183169820333e-01,-1.458537166097158666e+00,1.040121392007126833e+00
1.201055741310119629e+01,2.840886414051055908e-01,2.236909121274948120e-01,8.687744140625000000e-01,2.962989030393423207e+00,-1.176745247365017732e+00,1.939056336417266380e+00,3.536088764667510986e-01,-2.158969938755035400e-01,8.901607990264892578e-01,2.997049508848689037e+00,-1.489592875913235304e+00,-1.306331516808036497e+00
1.209556722640991211e+01,2.933594882488250732e-01,1.758417338132858276e-01,8.737282156944274902e-01,3.037869171864021833e+00,-1.112601193757265072e+00,1.677202066469417385e+00,3.546594977378845215e-01,-1.656889766454696655e-01,8.927758932113647461e-01,2.774290833133661760e+00,-1.455798209677773292e+00,-8.976048896351436213e-01
1.217737317085266113e+01,3.078773617744445801e-01,1.198258176445960999e-01,8.748614192008972168e-01,-3.100934049215052113e+00,-1.063509302564204173e+00,1.311583424417689825e+00,3.541554212570190430e-01,-1.084045991301536560e-01,8.924350738525390625e-01,2.312003223473969360e+00,-1.471015356522465956e+00,-2.626679371359408321e-01
1.226156020164489746e+01,3.122206330299377441e-01,9.982010722160339355e-02,8.742201328277587891e-01,-3.087890700366059171e+00,-1.059289901011332358e+00,1.242718213621882617e+00,3.523524701595306396e-01,-8.889950066804885864e-02,8.919828534126281738e-01,2.232794707127236045e+00,-1.476724896532129128e+00,-1.275706387025810074e-01
1.234501528739929199e+01,3.164759278297424316e-01,1.076909080147743225e-01,8.696821928024291992e-01,-3.069011973002714555e+00,-1.204442955816368288e+00,1.162450201646318071e+00,3.585111200809478760e-01,-9.120275825262069702e-02,8.817514181137084961e-01,-2.283200230901227812e-03,-1.117171992997728180e+00,2.154887597962424017e+00
1.242760896682739258e+01,3.176972866058349609e-01,1.353305578231811523e-01,8.639684319496154785e-01,-3.034196646657023599e+00,-1.497765475503125554e+00,1.169093511979790501e+00,3.575921952724456787e-01,-1.116645261645317078e-01,8.759185075759887695e-01,-9.393358819902664081e-02,-5.192186840706947137e-01,2.119073196684301941e+00
1.251144361495971680e+01,3.092846572399139404e-01,1.946647465229034424e-01,8.605380058288574219e-01,1.338547820324120785e-01,-1.245165084462852789e+00,-1.820207757307322538e+00,3.565363287925720215e-01,-1.629405021667480469e-01,8.673881292343139648e-01,-1.994502945068925559e-01,-1.048403515068163649e-01,1.939745714977293423e+00
1.259520626068115234e+01,2.991540431976318359e-01,2.390927970409393311e-01,8.575205802917480469e-01,1.437350780783437365e-01,-9.683366695435636773e-01,-1.665517799557568068e+00,3.586688041687011719e-01,-2.121810317039489746e-01,8.637905120849609375e-01,-2.569955770981497967e-01,6.821359069486132576e-02,1.726652721632410792e+00
1.267791676521301270e+01,2.763662040233612061e-01,3.109728991985321045e-01,8.419834375381469727e-01,3.500820671180935317e-01,-4.333079009628977296e-01,-1.529742325442389417e+00,3.545022308826446533e-01,-2.891806662082672119e-01,8.586418628692626953e-01,-3.942597941485302404e-01,2.803744612454297513e-01,1.350972877129600347e+00
1.276102328300476074e+01,2.564611732959747314e-01,3.456353247165679932e-01,8.262879848480224609e-01,3.380309376970208612e-01,-2.493060546192276128e-01,-1.362457840861839742e+00,3.399976491928100586e-01,-3.357969522476196289e-01,8.576070070266723633e-01,-4.177394098676088796e-01,2.814111083660537638e-01,1.174909727055684305e+00
1.284471654891967773e+01,2.374446392059326172e-01,3.534799516201019287e-01,8.128994703292846680e-01,2.783624764015980579e-01,-2.625665215936592300e-01,-1.259551046106801575e+00,3.252933621406555176e-01,-3.735879063606262207e-01,8.581664562225341797e-01,-3.449259887992276452e-01,7.383274367921743853e-02,1.089249427598606434e+00
1.292896270751953125e+01,2.399211972951889038e-01,3.489024341106414795e-01,8.106170892715454102e-01,2.905663248386886055e-01,-3.887573795743823890e-01,-1.267108616108454822e+00,3.297097086906433105e-01,-3.759014010429382324e-01,8.609782457351684570e-01,-2.304249018013050376e-01,-2.618045626760467925e-01,1.159200868062761902e+00
1.301345896720886230e+01,2.494795769453048706e-01,3.305625319480895996e-01,8.202592730522155762e-01,3.623467657337379744e-01,-6.041487109981721337e-01,-1.329749512716281057e+00,3.361920118331909180e-01,-3.545945286750793457e-01,8.696856498718261719e-01,-6.976166482776524624e-02,-7.295071153180030521e-01,1.237503039215652523e+00
1.309560346603393555e+01,2.703997194766998291e-01,2.869964540004730225e-01,8.425267934799194336e-01,4.939551731408174939e-01,-1.023742767043052115e+00,-1.634240916517637476e+00,3.479575514793395996e-01,-3.037954866886138916e-01,8.787553310394287109e-01,-9.878502855646376091e-02,-1.217679877577165337e+00,1.548247244523849986e+00
1.317835855484008789e+01,2.889933586120605469e-01,2.316043823957443237e-01,8.688015937805175781e-01,3.108594290151264872e+00,-1.371828483043905145e+00,1.714406751057943268e+00,3.598837852478027344e-01,-2.354581952095031738e-01,8.881898522377014160e-01,1.203817103611387829e+00,-1.554442351120652432e+00,4.462620549593961927e-01
1.326325154304504395e+01,3.010130226612091064e-01,1.920047104358673096e-01,8.811668157577514648e-01,-3.110951837165952139e+00,-1.087587481446296689e+00,1.444499751475792682e+00,3.644918799400329590e-01,-1.871892362833023071e-01,8.912907838821411133e-01,2.954089332878488960e+00,-1.387056477112249109e+00,-1.106750788770117566e+00
1.334823107719421387e+01,3.084409832954406738e-01,1.378795057535171509e-01,8.896368741989135742e-01,-3.129522785215867131e+00,-9.552843464502174253e-01,1.298957388559980330e+00,3.636901080608367920e-01,-1.245831474661827087e-01,8.942978978157043457e-01,3.088288424643882202e+00,-1.262324147760100379e+00,-1.061814768320030966e+00
1.343053984642028809e+01,3.122373521327972412e-01,1.157569736242294312e-01,8.892472386360168457e-01,3.125394724184092254e+00,-9.058554252210719859e-01,1.261363234475439299e+00,3.599024116992950439e-01,-9.686821699142456055e-02,8.944258093833923340e-01,-3.109046438273058488e+00,-1.241183094028869949e+00,-1.055134826552758032e+00
1.351275253295898438e+01,3.180523514747619629e-01,1.079367771744728088e-01,8.846782445907592773e-01,3.115023195225712360e+00,-9.307543800436117731e-01,1.238883890163753332e+00,3.546016812324523926e-01,-8.130432665348052979e-02,8.933156132698059082e-01,-3.046625918280014389e+00,-1.294595316707191746e+00,-1.050883379889598679e+00
1.359608626365661621e+01,3.201557099819183350e-01,1.234062165021896362e-01,8.773952722549438477e-01,3.137620844587059032e+00,-1.061300200856485576e+00,1.241073320764480625e+00,3.548594117164611816e-01,-8.946477621793746948e-02,8.899390697479248047e-01,-2.936505471210391072e+00,-1.485228568560979179e+00,-1.196244324960497485e+00
1.367947530746459961e+01,3.148695826530456543e-01,1.664800643920898438e-01,8.691829442977905273e-01,2.958075729265589704e+00,-1.480681775193135374e+00,1.566373115097160262e+00,3.594922125339508057e-01,-1.284422278404235840e-01,8.843455314636230469e-01,-2.872066111451438974e-01,-9.514646540911819717e-01,2.305686642669136255e+00
1.376264739036560059e+01,3.038200438022613525e-01,2.023318111896514893e-01,8.664259314537048340e-01,1.441262195591157536e-01,-1.289957750612870990e+00,-1.827632312684539073e+00,3.605962991714477539e-01,-1.674898862838745117e-01,8.781262636184692383e-01,-1.786824760532319534e-01,-4.180497294449032619e-01,2.031112649598911801e+00
1.384775257110595703e+01,2.809825539588928223e-01,2.577197253704071045e-01,8.598703742027282715e-01,2.181687300782342298e-01,-6.163949686992252763e-01,-1.706935167004751008e+00,3.624135255813598633e-01,-2.339991927146911621e-01,8.652889728546142578e-01,-2.316033920631703769e-01,9.089325611323206822e-02,1.766736865114909794e+00
1.393051099777221680e+01,2.644472420215606689e-01,2.918905019760131836e-01,8.548719882965087891e-01,2.314766497138753820e-01,-1.627626772281001166e-01,-1.537541949600293778e+00,3.612368106842041016e-01,-2.805778682231903076e-01,8.597214221954345703e-01,-2.685449084340432169e-01,2.657547419093431174e-01,1.566421853211757309e+00
1.401555228233337402e+01,2.420606464147567749e-01,3.331018686294555664e-01,8.487157225608825684e-01,1.476736289236114663e-01,1.930293204835196175e-01,-1.338450686227140363e+00,3.471579551696777344e-01,-3.449005782604217529e-01,8.627500534057617188e-01,-2.912605101653170658e-01,3.982405066402006089e-01,1.310960778798853532e+00
1.409811854362487793e+01,2.328584343194961548e-01,3.498950302600860596e-01,8.477772474288940430e-01,2.548709343745281242e-02,2.159455852240377283e-01,-1.245794857704892955e+00,3.389300107955932617e-01,-3.744288980960845947e-01,8.668063282966613770e-01,-2.641606168437185542e-01,4.083998667280155370e-01,1.221377434136488915e+00
1.418175339698791504e+01,2.285359352827072144e-01,3.549017012119293213e-01,8.480482101440429688e-01,-6.212686110688536711e-02,2.094308632368697687e-01,-1.221354171649021492e+00,3.332366645336151123e-01,-3.824256658554077148e-01,8.732842206954956055e-01,-1.851899388982818362e-01,2.224703450163261209e-01,1.207239520914067610e+00
1.426495599746704102e+01,2.324565201997756958e-01,3.456183075904846191e-01,8.502400517463684082e-01,-6.141704889600874129e-02,2.119323403400645844e-01,-1.231159886364738831e+00,3.375078737735748291e-01,-3.679161667823791504e-01,8.743478655815124512e-01,-1.400465943022797255e-01,1.029022277542956942e-01,1.270611572961101166e+00
1.434862208366394043e+01,2.530805766582489014e-01,3.172441720962524414e-01,8.526473641395568848e-01,3.069967697992170841e-02,6.081027586228104909e-02,-1.352819178298475977e+00,3.494189679622650146e-01,-3.243236541748046875e-01,8.746164441108703613e-01,-3.180417808040314487e-02,-2.599923444950966722e-01,1.458948133156925397e+00
1.443147611618041992e+01,2.707863450050354004e-01,2.773208618164062500e-01,8.617107868194580078e-01,8.983055071429357774e-02,-3.021281896010226120e-01,-1.566534553325843238e+00,3.562771677970886230e-01,-2.821540534496307373e-01,8.739497065544128418e-01,-2.504654541453377181e-02,-7.352685309891782151e-01,1.668116121883397973e+00
1.451590681076049805e+01,2.993848621845245361e-01,2.071812450885772705e-01,8.660871386528015137e-01,2.229462478949022497e-01,-1.246292782591043924e+00,-1.899377638920166866e+00,3.628242909908294678e-01,-2.037410587072372437e-01,8.718211054801940918e-01,-1.552743259385963581e-01,-1.401188771292991131e+00,2.022147606333619230e+00
1.459978866577148438e+01,3.127136230468750000e-01,1.602293252944946289e-01,8.683696985244750977e-01,2.682228738655427325e+00,-1.476074755151746576e+00,1.882726937847256199e+00,3.607156276702880859e-01,-1.488618701696395874e-01,8.729077577590942383e-01,-2.079858606196735238e+00,-1.484007867614338894e+00,-2.279463557076510938e+00
1.468140482902526855e+01,3.236562907695770264e-01,1.127431914210319519e-01,8.731259107589721680e-01,3.096581729000046579e+00,-1.163679188979703127e+00,1.337808933931230904e+00,3.518805503845214844e-01,-9.283564984798431396e-02,8.790958523750305176e-01,-2.915115229775606664e+00,-1.374638100372469030e+00,-1.270340946989283459e+00
1.476522994041442871e+01,3.218902051448822021e-01,9.752815961837768555e-02,8.768556118011474609e-01,3.086732909155998961e+00,-1.114172122467039561e+00,1.315279052207281696e+00,3.479514718055725098e-01,-7.752132415771484375e-02,8.812201619148254395e-01,-2.932191948509128565e+00,-1.398631535249797997e+00,-1.168838967989260125e+00
1.484949660301208496e+01,3.217996656894683838e-01,1.036902442574501038e-01,8.763017654418945312e-01,3.093518048167185341e+00,-1.135990919435247104e+00,1.301672879887903811e+00,3.489302992820739746e-01,-7.969221472740173340e-02,8.803476095199584961e-01,-3.066202324684768499e+00,-1.469616911067416654e+00,-1.045295017422482209e+00
1.493228578567504883e+01,3.211836516857147217e-01,1.300366669893264771e-01,8.715894818305969238e-01,-3.132931976989352219e+00,-1.202482209041444650e+00,1.291720774157297580e+00,3.522880971431732178e-01,-1.013569012284278870e-01,8.786647319793701172e-01,-5.857820229387815658e-01,-1.492085489291919531e+00,2.702620692297851068e+00
1.501698541641235352e+01,3.109899163246154785e-01,1.936239898204803467e-01,8.637551665306091309e-01,-3.113625874409821304e+00,-1.506477001319521669e+00,1.485568844469734362e+00,3.616055846214294434e-01,-1.627967059612274170e-01,8.760021328926086426e-01,-2.418873360914269854e-01,-9.128015386118234487e-01,2.219053070296714392e+00
1.510014533996582031e+01,2.981685101985931396e-01,2.460239529609680176e-01,8.532980680465698242e-01,3.706431587600276245e-01,-1.036528126074772072e+00,-1.805843890875343583e+00,3.625709414482116699e-01,-2.164542227983474731e-01,8.711211681365966797e-01,-1.897489241948654426e-01,-3.902933301356144025e-01,1.916409515981353007e+00
1.518098592758178711e+01,2.643651962280273438e-01,3.223793506622314453e-01,8.407196998596191406e-01,4.172243452718333856e-01,-2.757130149691704446e-01,-1.542460563226647707e+00,3.548819720745086670e-01,-2.930046617984771729e-01,8.628597259521484375e-01,-2.708335662800478438e-01,9.962912606001816940e-02,1.562517337376749804e+00
1.526594281196594238e+01,2.412323802709579468e-01,3.605391979217529297e-01,8.337801098823547363e-01,3.357437036462112001e-01,-7.864109109499151096e-02,-1.372262797582613603e+00,3.427245318889617920e-01,-3.363195955753326416e-01,8.585646748542785645e-01,-3.384369802464139987e-01,3.256622626702010415e-01,1.320045314468380360e+00
1.535067057609558105e+01,2.203161120414733887e-01,3.844204843044281006e-01,8.277444243431091309e-01,2.184281954900264555e-01,4.520266117723426014e-02,-1.268983105259917865e+00,3.301451504230499268e-01,-3.866776525974273682e-01,8.549933433532714844e-01,-3.599679087753229201e-01,3.264436871370608451e-01,1.167343169887923748e+00
1.543304514884948730e+01,2.170289158821105957e-01,3.861934542655944824e-01,8.249121904373168945e-01,1.989408855531548115e-01,6.768854556281644896e-02,-1.261083193570615268e+00,3.297834992408752441e-01,-3.937195837497711182e-01,8.582639098167419434e-01,-3.370798359061350502e-01,2.719062927904001281e-01,1.134779371280807414e+00
1.551726102828979492e+01,2.275888919830322266e-01,3.790750801563262939e-01,8.239679932594299316e-01,2.076774149602556019e-01,7.470226107482602629e-03,-1.280533256501244832e+00,3.373861908912658691e-01,-3.736182451248168945e-01,8.601655960083007812e-01,-2.685430308476385308e-01,-3.237314732144169760e-02,1.259178467700422743e+00
1.560147428512573242e+01,2.421535253524780273e-01,3.570090532302856445e-01,8.284379839897155762e-01,2.356851425388564181e-01,-2.429438166202630978e-01,-1.361339988861465233e+00,3.449988663196563721e-01,-3.472749292850494385e-01,8.654360175132751465e-01,-2.065637832135500673e-01,-5.570641474587085806e-01,1.455318050742499647e+00
1.568246531486511230e+01,2.699855864048004150e-01,2.957712709903717041e-01,8.440013527870178223e-01,3.427682607930444547e-01,-8.730574224587294152e-01,-1.654175358477209867e+00,3.548894524574279785e-01,-2.852063477039337158e-01,8.721772432327270508e-01,-1.359868173674718683e-01,-1.314364535780534471e+00,1.668468535750537107e+00
1.576781940460205078e+01,2.827080786228179932e-01,2.399560809135437012e-01,8.600285649299621582e-01,7.251554981108625508e-01,-1.309721735009876431e+00,-2.182653666501287226e+00,3.589748442173004150e-01,-2.345687150955200195e-01,8.779205083847045898e-01,-3.228368425595794511e-01,-1.549621366323503446e+00,2.001078094224343129e+00
1.585146760940551758e+01,2.982928454875946045e-01,1.628525406122207642e-01,8.773260712623596191e-01,2.874890609725111901e+00,-1.345263447158189019e+00,1.654710528135391101e+00,3.583481013774871826e-01,-1.560573130846023560e-01,8.831904530525207520e-01,-2.989383760144860513e+00,-1.418141786909807633e+00,-1.330983583634985923e+00
1.594372367858886719e+01,3.044552505016326904e-01,1.093220636248588562e-01,8.849538564682006836e-01,3.077020690509594925e+00,-1.230022486457298836e+00,1.258075396720327088e+00,3.514236211776733398e-01,-9.548819810152053833e-02,8.853532075881958008e-01,3.135826859448052950e+00,-1.408392838256671498e+00,-1.010068809261913225e+00
1.602468514442443848e+01,3.049722015857696533e-01,9.657607972621917725e-02,8.854068517684936523e-01,3.049739101069034675e+00,-1.207621713527202711e+00,1.216083298650065814e+00,3.508165180683135986e-01,-7.711897045373916626e-02,8.845316171646118164e-01,-3.088667334727309477e+00,-1.417253027405276811e+00,-9.952905703305279239e-01
1.610689783096313477e+01,3.062800765037536621e-01,9.800752997398376465e-02,8.839065432548522949e-01,3.084760312086459955e+00,-1.249754471795646360e+00,1.225818765445848335e+00,3.514002263545989990e-01,-7.436221837997436523e-02,8.848731517791748047e-01,-3.037516982933349485e+00,-1.495684813994405005e+00,-1.047650475203591558e+00
1.618852972984313965e+01,3.088874816894531250e-01,1.324197649955749512e-01,8.731054663658142090e-01,1.781927675919640297e+00,-1.535767237854938294e+00,2.676840060982676572e+00,3.586537837982177734e-01,-1.031350120902061462e-01,8.792549967765808105e-01,-3.495078789583039303e-01,-1.070376783520362363e+00,2.431891588965383377e+00
1.626994252204895020e+01,3.056060075759887695e-01,1.704178750514984131e-01,8.660044074058532715e-01,2.216046784542644588e-01,-1.134473456049364559e+00,-1.931549806298634486e+00,3.623130321502685547e-01,-1.429002285003662109e-01,8.749334812164306641e-01,-2.199575197433851770e-01,-5.150950052969449633e-01,2.157479703756492562e+00
1.635174965858459473e+01,2.951072156429290771e-01,2.419061511754989624e-01,8.548755645751953125e-01,2.454444147977188351e-01,-2.269734215532430710e-01,-1.698923143499758481e+00,3.645333945751190186e-01,-2.138846814632415771e-01,8.644978404045104980e-01,-2.095723108512901334e-01,3.983225880994667456e-02,1.856982721814085302e+00
1.643560051918029785e+01,2.820332050323486328e-01,2.894237935543060303e-01,8.476482033729553223e-01,2.887010885214893463e-01,1.791053766145687121e-01,-1.553861918762909688e+00,3.662948608398437500e-01,-2.669804096221923828e-01,8.568384051322937012e-01,-2.321807726479337974e-01,2.746834906246000685e-01,1.660453855707458182e+00
1.651924753189086914e+01,2.518014311790466309e-01,3.473616540431976318e-01,8.455568552017211914e-01,1.833834842722937841e-01,3.681503211473935444e-01,-1.400135230458326774e+00,3.530129194259643555e-01,-3.414137363433837891e-01,8.595441579818725586e-01,-2.003180993906719110e-01,3.760078864051152880e-01,1.405073823627534191e+00
1.660657238960266113e+01,2.288766652345657349e-01,3.828896582126617432e-01,8.472220897674560547e-01,9.496297859669589059e-02,4.204943156234119961e-01,-1.304335343248735235e+00,3.348557651042938232e-01,-3.973728418350219727e-01,8.637303113937377930e-01,-2.316041883194588369e-01,3.538116900972716472e-01,1.244044464441354414e+00
1.668828392028808594e+01,2.227068692445755005e-01,3.887930214405059814e-01,8.515424132347106934e-01,6.038556909507075687e-02,4.541916406149946184e-01,-1.230079618350312876e+00,3.275305032730102539e-01,-4.151377677917480469e-01,8.677907586097717285e-01,-2.408767696069606390e-01,3.356015717521432240e-01,1.164441250092133950e+00
1.677193450927734375e+01,2.246553152799606323e-01,3.826343417167663574e-01,8.537492156028747559e-01,6.701841030550803602e-02,4.524996038845228163e-01,-1.212644590625860053e+00,3.304734230041503906e-01,-4.072057902812957764e-01,8.696299195289611816e-01,-2.628722437674465007e-01,2.936433628574282029e-01,1.171088949402912860e+00
1.685577678680419922e+01,2.351353019475936890e-01,3.675787448883056641e-01,8.545216917991638184e-01,9.991750015871858626e-02,2.999247867425371972e-01,-1.295889934596569759e+00,3.367495834827423096e-01,-3.766587078571319580e-01,8.714426755905151367e-01,-1.698570134280996680e-01,1.985476255831342129e-02,1.288539019645809969e+00
1.693677473068237305e+01,2.506276369094848633e-01,3.362014591693878174e-01,8.564287424087524414e-01,1.814212597386951620e-01,-1.553571379325051627e-01,-1.470653037613129044e+00,3.463942408561706543e-01,-3.345351517200469971e-01,8.724982738494873047e-01,-1.260053029789877099e-01,-5.691688990879717469e-01,1.538971107543380068e+00
1.702006816864013672e+01,2.800080180168151855e-01,2.640769183635711670e-01,8.606212735176086426e-01,3.816613616685602395e-01,-1.122417276082708248e+00,-1.873975926240188272e+00,3.496097028255462646e-01,-2.449680566787719727e-01,8.696370720863342285e-01,-2.042490907314955528e-01,-1.219089949018027585e+00,1.932448049651532607e+00
1.710188674926757812e+01,2.953312397003173828e-01,2.083790749311447144e-01,8.636385202407836914e-01,2.419485633238998012e+00,-1.461244375830128783e+00,2.237871113533147494e+00,3.446184992790222168e-01,-1.817310303449630737e-01,8.705749511718750000e-01,-8.645629397162110097e-01,-1.485231722191458159e+00,2.788866762493286799e+00
1.718327045440673828e+01,3.077903389930725098e-01,1.413426101207733154e-01,8.706449270248413086e-01,3.021432284920002154e+00,-1.234090696238769658e+00,1.443041983794802086e+00,3.353839814662933350e-01,-1.056863442063331604e-01,8.769289255142211914e-01,-2.762840247964769347e+00,-1.387971790203076594e+00,-1.364383111453195907e+00
1.726933026313781738e+01,3.083983063697814941e-01,1.163243651390075684e-01,8.750092387199401855e-01,2.896128999654421943e+00,-1.227991179878070493e+00,1.469723858541661432e+00,3.338769078254699707e-01,-8.021261543035507202e-02,8.821620345115661621e-01,-2.854021544588954740e+00,-1.364279981691380650e+00,-1.222808404330096410e+00
1.735294413566589355e+01,3.055021166801452637e-01,1.108028516173362732e-01,8.764089941978454590e-01,2.899843419269060529e+00,-1.291777839915104087e+00,1.450441919432171378e+00,3.382739126682281494e-01,-7.754295319318771362e-02,8.835138082504272461e-01,-2.841707690056790359e+00,-1.441268478222142324e+00,-1.197881303455389013e+00
1.743679547309875488e+01,3.062199354171752930e-01,1.309343874454498291e-01,8.672010302543640137e-01,6.075864058634594667e-01,-1.412697509955881170e+00,-2.457529530488812064e+00,3.405481278896331787e-01,-9.457834064960479736e-02,8.795956969261169434e-01,-3.344409772720999818e-01,-1.301027537485949015e+00,2.534663887442655028e+00
1.751990008354187012e+01,3.067905604839324951e-01,1.830946803092956543e-01,8.496552705764770508e-01,2.326608061721380238e-01,-6.100528092842276706e-01,-2.005892520381760136e+00,3.532086908817291260e-01,-1.479729712009429932e-01,8.665847182273864746e-01,-1.279611416713442029e-01,-3.882427655961977475e-01,2.251592915964475417e+00
1.760359740257263184e+01,2.981505692005157471e-01,2.210999876260757446e-01,8.473076820373535156e-01,1.510466782329751290e-01,-1.763570268363587878e-01,-1.873183400472690607e+00,3.587521016597747803e-01,-1.883615106344223022e-01,8.587831258773803711e-01,-1.441218506216732642e-01,1.068612665529744543e-01,2.131355949774700775e+00
1.768676400184631348e+01,2.843374609947204590e-01,2.839443087577819824e-01,8.480362892150878906e-01,1.126010539069950411e-01,3.447614153130651449e-01,-1.713329784691260294e+00,3.589553534984588623e-01,-2.549186348915100098e-01,8.627697229385375977e-01,-1.849380173971633123e-01,7.260211594942318492e-01,1.811933833444295150e+00
1.777133774757385254e+01,2.724274992942810059e-01,3.247148096561431885e-01,8.498865365982055664e-01,1.041694550365255267e-01,5.935448505388150053e-01,-1.609597674145840429e+00,3.573192358016967773e-01,-3.023220896720886230e-01,8.724822402000427246e-01,-3.167099531176683636e-01,8.344241806691332641e-01,1.613840246725412708e+00
1.785381603240966797e+01,2.516633570194244385e-01,3.664800226688385010e-01,8.607845902442932129e-01,8.645375580803471571e-02,9.233449320686899497e-01,-1.429460269091715530e+00,3.468194007873535156e-01,-3.535703122615814209e-01,8.906125426292419434e-01,-4.536827956557590857e-01,9.548727250426196633e-01,1.226429444469510521e+00
1.793716907501220703e+01,2.430419921875000000e-01,3.776552975177764893e-01,8.656539320945739746e-01,1.117988153848578081e-01,1.039678514964720524e+00,-1.298019865382484372e+00,3.399154543876647949e-01,-3.741473257541656494e-01,8.973912000656127930e-01,-5.324849670143350089e-01,9.212221765851351662e-01,1.052221437119809089e+00
1.802173638343811035e+01,2.401445209980010986e-01,3.773579895496368408e-01,8.677757978439331055e-01,1.753666821906374462e-01,1.034584700781328248e+00,-1.195023222490844583e+00,3.371905088424682617e-01,-3.796920180320739746e-01,9.031699299812316895e-01,-5.908337530016607442e-01,7.906848973818911830e-01,9.390202250236880932e-01
1.810545873641967773e+01,2.462839782238006592e-01,3.696485757827758789e-01,8.695577979087829590e-01,1.892475814263984701e-01,8.814639809104432011e-01,-1.179589047020096482e+00,3.401997983455657959e-01,-3.732610344886779785e-01,9.040030241012573242e-01,-4.631347370441608047e-01,5.251542382884513138e-01,1.083250250194946807e+00
1.818728756904602051e+01,2.564256191253662109e-01,3.435359299182891846e-01,8.739182949066162109e-01,7.451622037593097492e-02,1.459288385653116915e-01,-1.337742761497345167e+00,3.428211808204650879e-01,-3.469744920730590820e-01,9.022619724273681641e-01,-1.915106795660327377e-01,-2.533158873326240013e-01,1.354863574125416470e+00
1.827102208137512207e+01,2.679526209831237793e-01,3.178576529026031494e-01,8.675040006637573242e-01,2.011021697344289594e-01,-3.548177965920158439e-01,-1.479981831249631341e+00,3.463856875896453857e-01,-3.184647262096405029e-01,8.939383029937744141e-01,-6.224114391782598066e-02,-7.635417612487657157e-01,1.507569771336800368e+00
1.835652613639831543e+01,2.838766574859619141e-01,2.560539543628692627e-01,8.635293841361999512e-01,2.500482451649356230e-01,-1.153771678249483568e+00,-1.726669219833454783e+00,3.523538410663604736e-01,-2.535607516765594482e-01,8.788053989410400391e-01,1.173847172716990794e-02,-1.288296701600605276e+00,1.694647288406573971e+00
1.843903684616088867e+01,2.925534844398498535e-01,2.115681618452072144e-01,8.672794103622436523e-01,3.030951834092010966e+00,-1.563549424861528037e+00,1.615783573563576159e+00,3.509484827518463135e-01,-2.018464356660842896e-01,8.788226842880249023e-01,1.600281257667916401e+00,-1.543022539313914310e+00,2.599616818373431393e-01
1.852279043197631836e+01,3.036978244781494141e-01,1.464435458183288574e-01,8.814254999160766602e-01,-3.119759719492212202e+00,-1.245566860773243745e+00,1.336378746495032299e+00,3.439016342163085938e-01,-1.390182524919509888e-01,8.905355930328369141e-01,-2.956915655715779856e+00,-1.304642606972511443e+00,-1.267541298279831308e+00
1.860529589653015137e+01,3.069495558738708496e-01,1.122001335024833679e-01,8.914241194725036621e-01,3.020044474750086749e+00,-1.132337491691142839e+00,1.340985756675852514e+00,3.377808928489685059e-01,-1.129750534892082214e-01,9.025552868843078613e-01,-2.797430293282696212e+00,-1.265211945427610507e+00,-1.330825966863830923e+00
1.868829751014709473e+01,3.036060035228729248e-01,8.030488342046737671e-02,9.026826024055480957e-01,2.957833292519703505e+00,-1.098799720659823453e+00,1.328989462630957519e+00,3.260232806205749512e-01,-9.286122024059295654e-02,9.153680205345153809e-01,-2.644687003193293418e+00,-1.252205134088698602e+00,-1.444664152269567570e+00
1.877204966545104980e+01,3.007685542106628418e-01,7.919877022504806519e-02,9.016360044479370117e-01,2.925009342546035285e+00,-1.151540243218535320e+00,1.346645628392142635e+00,3.247643113136291504e-01,-9.272734075784683228e-02,9.140396118164062500e-01,-2.459128416148976370e+00,-1.320150240025774302e+00,-1.628495740773717948e+00
1.885645794868469238e+01,3.024313151836395264e-01,1.140888109803199768e-01,8.824526071548461914e-01,2.205515841343534067e+00,-1.465639299775204574e+00,2.116777715263408854e+00,3.323504626750946045e-01,-1.125151589512825012e-01,8.959353566169738770e-01,-4.420346214352968151e-01,-1.127911591321594464e+00,2.612277197676134755e+00
1.893996191024780273e+01,3.042297363281250000e-01,1.555314362049102783e-01,8.658227920532226562e-01,1.989575560410590249e-01,-1.123212041023919916e+00,-2.060171414940024093e+00,3.387028574943542480e-01,-1.408135294914245605e-01,8.808729648590087891e-01,-1.220328396551297878e-01,-5.057378551421001234e-01,2.256386888544428260e+00
1.902408742904663086e+01,2.918854951858520508e-01,2.320648878812789917e-01,8.489809036254882812e-01,1.456814546844418246e-01,-3.132206672462698460e-01,-1.809284060870527178e+00,3.508728146553039551e-01,-1.971995383501052856e-01,8.561276197433471680e-01,-3.248630811841368704e-02,2.894546628978877933e-01,2.088549714699989401e+00
1.910646104812622070e+01,2.750279307365417480e-01,2.817010581493377686e-01,8.498771190643310547e-01,1.318085609512129608e-01,1.181680107981406547e-01,-1.670314346682489237e+00,3.552944660186767578e-01,-2.397165894508361816e-01,8.559533357620239258e-01,5.873331587898822370e-03,4.733283757071737874e-01,1.902334156990690861e+00
1.918913197517395020e+01,2.484009265899658203e-01,3.396094441413879395e-01,8.636139631271362305e-01,1.498712230641053855e-01,5.861793620905628721e-01,-1.438169809188135861e+00,3.580777943134307861e-01,-2.976316809654235840e-01,8.797904849052429199e-01,-1.918834972805603112e-01,7.104135980817827267e-01,1.559454188584187939e+00
1.927219867706298828e+01,2.384010851383209229e-01,3.587369620800018311e-01,8.817586302757263184e-01,2.251910609908247540e-01,8.176629492145872646e-01,-1.183083788484590615e+00,3.540540039539337158e-01,-3.230522274971008301e-01,9.019276499748229980e-01,-4.208571352220180084e-01,7.808768546009949851e-01,1.274296380310185661e+00
1.935657048225402832e+01,2.331248670816421509e-01,3.722048699855804443e-01,9.087058901786804199e-01,4.234026807116450519e-01,8.588901196966332030e-01,-9.157896346048921554e-01,3.450424373149871826e-01,-3.471144437789916992e-01,9.318629503250122070e-01,-7.245159513330254875e-01,7.191880134016375159e-01,9.858663444415398658e-01
1.944056439399719238e+01,2.351105064153671265e-01,3.777045309543609619e-01,9.206041693687438965e-01,4.911347465506262777e-01,8.229002946478298774e-01,-8.397091563690414207e-01,3.380636274814605713e-01,-3.556497991085052490e-01,9.453201293945312500e-01,-8.028004627357452350e-01,6.323345667340771747e-01,9.179450835721869595e-01
1.952434515953063965e+01,2.419058233499526978e-01,3.806428015232086182e-01,9.231564998626708984e-01,5.334924330687488281e-01,7.179868234694120055e-01,-8.147192568720650341e-01,3.322756886482238770e-01,-3.595352172851562500e-01,9.437862634658813477e-01,-6.806051219871178670e-01,3.447904369271619363e-01,1.063021825783540431e+00
1.960756015777587891e+01,2.518619000911712646e-01,3.651888370513916016e-01,9.105144143104553223e-01,3.202568572900705846e-01,2.076652138297956363e-01,-1.079603576770897799e+00,3.344687223434448242e-01,-3.356350362300872803e-01,9.190161824226379395e-01,-2.194792648384230604e-01,-6.275008715283638683e-01,1.461077932451932959e+00
1.968944644927978516e+01,2.679174840450286865e-01,3.155691027641296387e-01,8.948702216148376465e-01,2.148485998684591669e-01,-4.294786082083652534e-01,-1.384045404695535719e+00,3.434506952762603760e-01,-2.997966110706329346e-01,8.905372619628906250e-01,2.078795139907871903e-01,-1.196953220667809958e+00,1.383804865646188542e+00
1.977352166175842285e+01,2.842369079589843750e-01,2.521847486495971680e-01,8.688566088676452637e-01,2.153750508033919209e-01,-1.086365923506654507e+00,-1.622091243135387550e+00,3.490775525569915771e-01,-2.395995557308197021e-01,8.660123348236083984e-01,4.198653602448000899e-01,-1.371513510576375383e+00,1.344388627951357273e+00
1.985821890830993652e+01,3.027777671813964844e-01,1.578809767961502075e-01,8.563650846481323242e-01,-2.768701869370619129e+00,-1.404874315518787720e+00,1.065188208885557541e+00,3.412728309631347656e-01,-1.415813118219375610e-01,8.665953278541564941e-01,2.767675436559304369e+00,-1.356843566298585602e+00,-7.567589255427735750e-01
1.994017934799194336e+01,3.062789440155029297e-01,9.405668824911117554e-02,8.830872178077697754e-01,3.053799798525694165e+00,-1.225702764782063081e+00,1.325137615264792679e+00,3.264181017875671387e-01,-7.960371673107147217e-02,8.949182033538818359e-01,-2.912249657503259037e+00,-1.421396049311847598e+00,-1.175317223496126884e+00
