# time, x_l, y_l, z_l, euler_r_l, euler_p_l, euler_y_l, x_r, y_r, z_r, euler_r_r, euler_p_r, euler_y_r,
3.934621810913085938e-03,3.553133606910705566e-01,2.124877423048019409e-01,8.272213935852050781e-01,2.972255681655049386e-01,-1.341823533308883487e-01,-1.871296068952116087e+00,3.895202577114105225e-01,-2.980067729949951172e-01,7.777420878410339355e-01,-3.341622153257143291e-01,-3.105656493425001941e-01,1.743337187250128206e+00
1.005337238311767578e-01,3.542182445526123047e-01,2.136479467153549194e-01,8.278115391731262207e-01,2.901382903608200614e-01,-1.498510673771413781e-01,-1.874567100718898871e+00,3.921125531196594238e-01,-2.989324033260345459e-01,7.746369242668151855e-01,-3.545375108120770724e-01,-3.230318526473172636e-01,1.769726683790686650e+00
1.850700378417968750e-01,3.541891574859619141e-01,2.141175270080566406e-01,8.285942673683166504e-01,2.751426545872246443e-01,-1.585321176197262982e-01,-1.870973417662305849e+00,3.933580517768859863e-01,-2.991220951080322266e-01,7.737219929695129395e-01,-3.576338007800199392e-01,-3.237298022569807809e-01,1.772413506566922869e+00
2.686376571655273438e-01,3.537396788597106934e-01,2.141305804252624512e-01,8.293345570564270020e-01,2.562351127738167200e-01,-1.762371991237714486e-01,-1.880337463689683020e+00,3.954674005508422852e-01,-2.997568845748901367e-01,7.722862362861633301e-01,-3.655181339012968378e-01,-3.410879769984020982e-01,1.799825404612589885e+00
3.586220741271972656e-01,3.535863757133483887e-01,2.138478755950927734e-01,8.296175599098205566e-01,2.516286208110187772e-01,-1.779320350456521371e-01,-1.891178407316549404e+00,3.950387835502624512e-01,-2.967106103897094727e-01,7.721115946769714355e-01,-3.699174876649071741e-01,-3.428276730738741840e-01,1.805958802557356524e+00
4.434993267059326172e-01,3.535033464431762695e-01,2.137623578310012817e-01,8.298392295837402344e-01,2.422785727181930859e-01,-1.773725110039752195e-01,-1.891042048834213674e+00,3.951202630996704102e-01,-2.921177148818969727e-01,7.719165086746215820e-01,-3.814497578494465690e-01,-3.448560472430135526e-01,1.823539624013391869e+00
5.289051532745361328e-01,3.530881404876708984e-01,2.134426683187484741e-01,8.303588628768920898e-01,2.353940644495424728e-01,-1.799593417331442069e-01,-1.889349574629754613e+00,3.944870233535766602e-01,-2.901645302772521973e-01,7.730227708816528320e-01,-3.752990549140911014e-01,-3.403765012641413179e-01,1.816737850101388663e+00
6.145029067993164062e-01,3.533214330673217773e-01,2.131984531879425049e-01,8.298778533935546875e-01,2.325917327689435155e-01,-1.767945737263476591e-01,-1.894386743938800244e+00,3.943432569503784180e-01,-2.904563546180725098e-01,7.730979919433593750e-01,-3.713438024027971851e-01,-3.429635773858781267e-01,1.816280165080781828e+00
6.997895240783691406e-01,3.531055152416229248e-01,2.127636075019836426e-01,8.298052549362182617e-01,2.260209416333021082e-01,-1.733442737222246066e-01,-1.896789259793427718e+00,3.942801356315612793e-01,-2.907563447952270508e-01,7.725619077682495117e-01,-3.758051715714393337e-01,-3.420479711877497664e-01,1.820233191333941125e+00
7.835729122161865234e-01,3.534372746944427490e-01,2.126776129007339478e-01,8.293705582618713379e-01,2.176364323115143051e-01,-1.710433463501128681e-01,-1.895635821712487790e+00,3.930418491363525391e-01,-2.901046276092529297e-01,7.736674547195434570e-01,-3.627230458517585188e-01,-3.389852573668197255e-01,1.810088681695872781e+00
8.695707321166992188e-01,3.535928726196289062e-01,2.126206308603286743e-01,8.294332027435302734e-01,2.179506860262088175e-01,-1.717585006673938430e-01,-1.897837069663392384e+00,3.929147720336914062e-01,-2.898103892803192139e-01,7.739328145980834961e-01,-3.552025231736670730e-01,-3.358622751680613305e-01,1.801793809203947605e+00
9.552361965179443359e-01,3.535928726196289062e-01,2.126206308603286743e-01,8.294332027435302734e-01,2.179506860262088175e-01,-1.717585006673938430e-01,-1.897837069663392384e+00,3.929147720336914062e-01,-2.898103892803192139e-01,7.739328145980834961e-01,-3.552025231736670730e-01,-3.358622751680613305e-01,1.801793809203947605e+00
1.036273717880249023e+00,3.536955118179321289e-01,2.129369229078292847e-01,8.291640281677246094e-01,2.352127141761051199e-01,-1.619148380259212150e-01,-1.906831456715689654e+00,3.910184800624847412e-01,-2.936187982559204102e-01,7.729672789573669434e-01,-3.502684671105501524e-01,-3.142031317102622623e-01,1.808946630938753408e+00
1.119069337844848633e+00,3.530406057834625244e-01,2.134405374526977539e-01,8.304131627082824707e-01,2.434441638510622674e-01,-1.790352473635756780e-01,-1.912107975582740593e+00,3.810933232307434082e-01,-2.870571017265319824e-01,7.808117866516113281e-01,-3.569170602602934617e-01,-3.333089746966428901e-01,1.822398873705237232e+00
1.202270269393920898e+00,3.527386486530303955e-01,2.136042118072509766e-01,8.305504322052001953e-01,2.650991304905430113e-01,-1.957521833058606386e-01,-1.916969078558523165e+00,3.753121793270111084e-01,-2.798614203929901123e-01,7.883869409561157227e-01,-3.478378930012083758e-01,-3.741744210573949569e-01,1.779555802796836339e+00
1.286149263381958008e+00,3.526710867881774902e-01,2.140885740518569946e-01,8.306226134300231934e-01,3.183527076776093701e-01,-2.330117828155175985e-01,-1.936867919055039522e+00,3.713786005973815918e-01,-2.686209082603454590e-01,8.016829490661621094e-01,-5.600608382859360024e-01,-4.835271021608833486e-01,1.856794457285020572e+00
1.368986368179321289e+00,3.541256189346313477e-01,2.150702625513076782e-01,8.289933204650878906e-01,3.415783359066995040e-01,-2.368802694582150536e-01,-1.941410169722834311e+00,3.702147305011749268e-01,-2.601497769355773926e-01,8.109917640686035156e-01,-7.213267447358872042e-01,-4.858088414741099648e-01,1.951632185557960142e+00
1.451027631759643555e+00,3.545243144035339355e-01,2.148810476064682007e-01,8.287533521652221680e-01,3.404984411661886590e-01,-2.355366108713943252e-01,-1.938413176463335219e+00,3.697453141212463379e-01,-2.561292350292205811e-01,8.153433799743652344e-01,-7.887945243958185415e-01,-4.924006354177983269e-01,1.970245661777411339e+00
1.535588502883911133e+00,3.517637848854064941e-01,2.032167613506317139e-01,8.292987942695617676e-01,4.348033353250682076e-01,-5.862712936365853666e-01,-2.033091858983194555e+00,3.667570352554321289e-01,-2.329885065555572510e-01,8.332120180130004883e-01,-9.878592718469815237e-01,-6.228134560009310761e-01,2.150498756807928569e+00
1.619285583496093750e+00,3.454303145408630371e-01,1.911359876394271851e-01,8.358911275863647461e-01,5.297079958109627285e-01,-1.021424983244505036e+00,-2.254155326283697747e+00,3.655435740947723389e-01,-2.135145217180252075e-01,8.375204801559448242e-01,-1.068433797212281489e+00,-7.744001736728497454e-01,2.399182307455674845e+00
1.702968597412109375e+00,3.358643352985382080e-01,1.744366884231567383e-01,8.447052240371704102e-01,1.762009073405096604e+00,-1.378202753228360500e+00,2.774222125697113572e+00,3.610164523124694824e-01,-1.779620349407196045e-01,8.433028459548950195e-01,-1.287888466184366365e+00,-1.124721454665420062e+00,2.876705304411222741e+00
1.785778045654296875e+00,3.332772254943847656e-01,1.684281080961227417e-01,8.452322483062744141e-01,2.014194977323600089e+00,-1.370506776049283504e+00,2.537286906823803090e+00,3.609133362770080566e-01,-1.597049683332443237e-01,8.454777598381042480e-01,-1.022833466667771640e+00,-1.140535180469568921e+00,2.632735162491608882e+00
1.869643688201904297e+00,3.310773968696594238e-01,1.685824692249298096e-01,8.447860479354858398e-01,1.724911252696705866e+00,-1.388463991835356293e+00,2.807386984938611718e+00,3.613351583480834961e-01,-1.459522992372512817e-01,8.439599275588989258e-01,-8.923807382897286367e-01,-1.133231112699280230e+00,2.547294055091963827e+00
1.952369451522827148e+00,3.304734528064727783e-01,1.665127724409103394e-01,8.429949879646301270e-01,1.627731469269585673e+00,-1.384473972458880375e+00,2.900789126334776036e+00,3.590523600578308105e-01,-1.361136883497238159e-01,8.423206806182861328e-01,-8.899602004141544676e-01,-1.155623707122200639e+00,2.618797112382938774e+00
2.035971403121948242e+00,3.304734528064727783e-01,1.665127724409103394e-01,8.429949879646301270e-01,1.627731469269585673e+00,-1.384473972458880375e+00,2.900789126334776036e+00,3.590523600578308105e-01,-1.361136883497238159e-01,8.423206806182861328e-01,-8.899602004141544676e-01,-1.155623707122200639e+00,2.618797112382938774e+00
2.117553710937500000e+00,3.304577767848968506e-01,1.644821166992187500e-01,8.411041498184204102e-01,2.464957113592454618e+00,-1.292186292753328525e+00,2.041355125651356239e+00,3.548395931720733643e-01,-1.238668337464332581e-01,8.367971181869506836e-01,-1.091823033463209081e+00,-1.236645932255057145e+00,2.864923377913951796e+00
2.202287435531616211e+00,3.302349746227264404e-01,1.644575148820877075e-01,8.413810729980468750e-01,2.487948510268341185e+00,-1.287600213157104267e+00,2.023711131886827719e+00,3.544776439666748047e-01,-1.240570917725563049e-01,8.364205956459045410e-01,-9.173595684461184341e-01,-1.134528841997685111e+00,2.617402311479659627e+00
2.285615921020507812e+00,3.302349746227264404e-01,1.644575148820877075e-01,8.413810729980468750e-01,2.487948510268341185e+00,-1.287600213157104267e+00,2.023711131886827719e+00,3.544776439666748047e-01,-1.240570917725563049e-01,8.364205956459045410e-01,-9.173595684461184341e-01,-1.134528841997685111e+00,2.617402311479659627e+00
2.370605230331420898e+00,3.298809528350830078e-01,1.709312498569488525e-01,8.408257961273193359e-01,1.067652440017506699e+00,-1.405868632572924160e+00,-2.836753122656418213e+00,3.572905063629150391e-01,-1.373036652803421021e-01,8.356586694717407227e-01,-1.237291730317237270e+00,-1.290416616164238306e+00,3.092298288651501803e+00
2.453363656997680664e+00,3.288098573684692383e-01,1.794256120920181274e-01,8.445650339126586914e-01,1.361998893677518030e+00,-1.413496509868401141e+00,-3.096226162182746489e+00,3.563641011714935303e-01,-1.480126529932022095e-01,8.388236165046691895e-01,-1.081315798328899458e+00,-1.296989813706178385e+00,2.891170203441725040e+00
2.535536527633666992e+00,3.261143565177917480e-01,2.111323773860931396e-01,8.553874492645263672e-01,1.480475896290833537e+00,-1.394750576434763634e+00,-3.100830176345430012e+00,3.559237718582153320e-01,-1.902120560407638550e-01,8.503251075744628906e-01,-1.130007329273608807e+00,-1.284866079062790600e+00,2.790843314205836645e+00
2.621420860290527344e+00,3.206478357315063477e-01,2.422452867031097412e-01,8.603571653366088867e-01,1.290315926778227817e+00,-1.343954420944709627e+00,-2.804459385390614123e+00,3.534317612648010254e-01,-2.270011901855468750e-01,8.567923307418823242e-01,-1.417394344133052986e+00,-1.334608312667119545e+00,2.933115560487079332e+00
2.703931093215942383e+00,3.073354959487915039e-01,2.933821380138397217e-01,8.642388582229614258e-01,1.307263511989102955e+00,-1.281040075067294559e+00,-2.675488580978434339e+00,3.448198139667510986e-01,-2.910386025905609131e-01,8.581951260566711426e-01,-1.660664516043607097e+00,-1.334793611354244680e+00,3.005229102671804764e+00
2.787181615829467773e+00,2.952567636966705322e-01,3.233944177627563477e-01,8.658798933029174805e-01,1.401407497123683843e+00,-1.303885500266670494e+00,-2.703156797331387917e+00,3.316736221313476562e-01,-3.290054202079772949e-01,8.577960133552551270e-01,-1.950710281921159694e+00,-1.343330540892083702e+00,-3.110784928845440778e+00
2.869888067245483398e+00,2.788167893886566162e-01,3.502892851829528809e-01,8.622400164604187012e-01,1.471240267106890931e+00,-1.311474130771096869e+00,-2.706600540210800432e+00,3.177354931831359863e-01,-3.757721185684204102e-01,8.518431782722473145e-01,-2.194938359764869951e+00,-1.307770537939516142e+00,-2.970980087053832541e+00
2.955513715744018555e+00,2.759571075439453125e-01,3.558222353458404541e-01,8.562644124031066895e-01,1.609143288964481222e+00,-1.320791281692083041e+00,-2.822435077903978851e+00,3.154810667037963867e-01,-3.823643624782562256e-01,8.529641628265380859e-01,-2.325853633483460747e+00,-1.290609592894156776e+00,-2.847949890654311922e+00
3.036161661148071289e+00,2.808431982994079590e-01,3.464237749576568604e-01,8.544385433197021484e-01,1.579744738542621096e+00,-1.322309347975985760e+00,-2.802824384975764804e+00,3.197625875473022461e-01,-3.661341965198516846e-01,8.551630973815917969e-01,-2.311696659084523375e+00,-1.285847030384419387e+00,-2.835449349119103069e+00
3.120028018951416016e+00,2.973912954330444336e-01,3.111214339733123779e-01,8.559374809265136719e-01,1.303781683731488394e+00,-1.290797129672704102e+00,-2.614473707200591690e+00,3.308707773685455322e-01,-3.067511320114135742e-01,8.640880584716796875e-01,-2.064069524967279357e+00,-1.302346053963040706e+00,-2.931142328552398091e+00
3.203342199325561523e+00,3.093642890453338623e-01,2.548421621322631836e-01,8.661350011825561523e-01,1.139099124545591035e+00,-1.309188993719509142e+00,-2.522309360267230627e+00,3.446894586086273193e-01,-2.336326539516448975e-01,8.686307668685913086e-01,-1.670444470988488028e+00,-1.365177730723211802e+00,-3.105024038590094015e+00
3.288308382034301758e+00,3.124694526195526123e-01,2.215725183486938477e-01,8.725993037223815918e-01,1.175585229535101695e+00,-1.257539008337659858e+00,-2.608267921153052171e+00,3.526349663734436035e-01,-1.854047775268554688e-01,8.681115508079528809e-01,-1.364018331812298923e+00,-1.374154035083703818e+00,3.032795368246846479e+00
3.370505094528198242e+00,3.117416501045227051e-01,1.878417134284973145e-01,8.766111135482788086e-01,1.190603363636606682e+00,-1.266927642314370717e+00,-2.734616254642825872e+00,3.524229228496551514e-01,-1.382011324167251587e-01,8.682810068130493164e-01,-1.172412407556014280e+00,-1.369050949646589688e+00,2.995425798827220376e+00
3.452843666076660156e+00,3.126193881034851074e-01,1.422082781791687012e-01,8.685543537139892578e-01,1.028957505786581628e+00,-1.269838085130500005e+00,-2.746147322242708633e+00,3.463102281093597412e-01,-8.815940469503402710e-02,8.666958808898925781e-01,-1.006007864998175627e+00,-1.380538836595799790e+00,3.026054251907640769e+00
3.537163019180297852e+00,3.130046725273132324e-01,1.144700422883033752e-01,8.592060208320617676e-01,8.271064449388310091e-01,-1.312299758233627323e+00,-2.665448914730603747e+00,3.432859480381011963e-01,-6.895437836647033691e-02,8.636659979820251465e-01,-9.097750429848836529e-01,-1.395632428777148881e+00,2.985992719218208080e+00
3.620873212814331055e+00,3.136951625347137451e-01,1.254969984292984009e-01,8.581258058547973633e-01,8.286840424403409955e-01,-1.333511472009367482e+00,-2.666406093085739393e+00,3.473004400730133057e-01,-8.019223809242248535e-02,8.632327318191528320e-01,-9.196783539851904887e-01,-1.385316375854395377e+00,2.990571645140708945e+00
3.703667163848876953e+00,3.146875202655792236e-01,1.577681601047515869e-01,8.602671623229980469e-01,8.418800818268032948e-01,-1.318627323114107242e+00,-2.587960590011329831e+00,3.518701493740081787e-01,-1.097899749875068665e-01,8.653248548507690430e-01,-1.230896668983002540e+00,-1.396148280049889001e+00,-3.073103623413820706e+00
3.787264108657836914e+00,3.067315518856048584e-01,2.209518402814865112e-01,8.648871183395385742e-01,9.035721513065948507e-01,-1.326306550184661592e+00,-2.438344238324958280e+00,3.527964651584625244e-01,-1.802355945110321045e-01,8.680990338325500488e-01,-1.251213131228801956e+00,-1.374801436736576399e+00,3.011833970711402131e+00
3.870421409606933594e+00,2.930782735347747803e-01,2.625426054000854492e-01,8.634832501411437988e-01,9.033279835601908392e-01,-1.337116267911586442e+00,-2.298038410528740805e+00,3.429735898971557617e-01,-2.343511283397674561e-01,8.704898357391357422e-01,-1.701705191229121006e+00,-1.383617675528832303e+00,-3.003771324252658914e+00
3.953951358795166016e+00,2.633938491344451904e-01,3.163729906082153320e-01,8.574532866477966309e-01,1.154106286661537029e+00,-1.342180487229263974e+00,-2.418622471951499264e+00,3.215199112892150879e-01,-3.151709437370300293e-01,8.677081465721130371e-01,-2.236990852787237305e+00,-1.326249629715757550e+00,-2.727553894159987724e+00
4.037888526916503906e+00,2.418021708726882935e-01,3.424764573574066162e-01,8.562161922454833984e-01,1.500349442220833218e+00,-1.371378440438084434e+00,-2.696650747396597936e+00,3.002000451087951660e-01,-3.716383874416351318e-01,8.679093122482299805e-01,-2.543787691113340799e+00,-1.239076881606756331e+00,-2.623185322701799826e+00
4.121342658996582031e+00,2.391605973243713379e-01,3.459686338901519775e-01,8.551198244094848633e-01,1.484234502082087515e+00,-1.362157123643785939e+00,-2.673864400692150589e+00,2.995392680168151855e-01,-3.807963132858276367e-01,8.706426024436950684e-01,-2.662323964556357669e+00,-1.178131897239897086e+00,-2.542403925362898054e+00
4.204563379287719727e+00,2.524437010288238525e-01,3.260022103786468506e-01,8.587293028831481934e-01,1.592886984677517326e+00,-1.353832131927943827e+00,-2.786535684203169438e+00,3.115492761135101318e-01,-3.479745686054229736e-01,8.747388720512390137e-01,-2.630903906873510945e+00,-1.203284607990813271e+00,-2.499790317846713794e+00
4.286778688430786133e+00,2.727959156036376953e-01,2.962278127670288086e-01,8.642753362655639648e-01,1.463505275534218164e+00,-1.312499694479547729e+00,-2.730982302228359693e+00,3.280746042728424072e-01,-3.032580018043518066e-01,8.806971907615661621e-01,-2.540369026060899316e+00,-1.256668469741289540e+00,-2.487509253709688117e+00
4.370072126388549805e+00,3.083015680313110352e-01,2.254776805639266968e-01,8.724739551544189453e-01,1.412189389234130621e+00,-1.334840510883993803e+00,-2.855741497716771882e+00,3.527285158634185791e-01,-2.229243069887161255e-01,8.832536935806274414e-01,-2.026074967518590064e+00,-1.366870146554653997e+00,-2.737245871797245655e+00
4.455457448959350586e+00,3.236018121242523193e-01,1.724786758422851562e-01,8.740286231040954590e-01,1.411975895939328041e+00,-1.357885835956712306e+00,-3.023334425665648695e+00,3.609033226966857910e-01,-1.621273308992385864e-01,8.818420171737670898e-01,-1.919370780498782514e+00,-1.423782610296826068e+00,-2.686105394373567989e+00
4.537636518478393555e+00,3.274037241935729980e-01,1.142807826399803162e-01,8.730798959732055664e-01,1.393917758080053249e+00,-1.380589797175787004e+00,3.109728173447057209e+00,3.556674122810363770e-01,-9.007529914379119873e-02,8.754628300666809082e-01,-1.100860252295544406e+00,-1.472142639030572964e+00,3.015571334597165531e+00
4.622005939483642578e+00,3.214030563831329346e-01,1.011369749903678894e-01,8.716308474540710449e-01,1.614663273048166037e+00,-1.386660039087846741e+00,2.844510100640287309e+00,3.521650433540344238e-01,-7.020852714776992798e-02,8.741565346717834473e-01,-1.238702333094246155e+00,-1.481320638487228170e+00,-3.036910436204228958e+00
4.705204486846923828e+00,3.174252212047576904e-01,1.192253828048706055e-01,8.724921941757202148e-01,1.948155760883306442e+00,-1.360466094159030748e+00,2.508654026762481060e+00,3.551321327686309814e-01,-7.940385490655899048e-02,8.788236975669860840e-01,-1.075084950180662968e+00,-1.473881289589020760e+00,3.073804983748158026e+00
4.787268877029418945e+00,3.171053230762481689e-01,1.500949263572692871e-01,8.717198371887207031e-01,1.678510677487639047e+00,-1.376180399524363329e+00,2.877521693465008301e+00,3.600108027458190918e-01,-1.075413525104522705e-01,8.808519244194030762e-01,-1.140521519701883868e+00,-1.459210646895571672e+00,3.045527012757037078e+00
4.870750188827514648e+00,3.146931529045104980e-01,2.139199525117874146e-01,8.689616322517395020e-01,1.676587229720873484e+00,-1.414339818050359465e+00,3.033401842467817300e+00,3.572641313076019287e-01,-1.792846322059631348e-01,8.805457949638366699e-01,-1.925592774808604801e+00,-1.471213301046123023e+00,-2.670382577384222245e+00
4.955722570419311523e+00,3.062150776386260986e-01,2.623938024044036865e-01,8.632165789604187012e-01,1.410795166242739151e+00,-1.396303426478534115e+00,-2.819085768271650139e+00,3.469956815242767334e-01,-2.414412200450897217e-01,8.765152096748352051e-01,-1.996163503481697798e+00,-1.433997884509686571e+00,-2.787645706859956274e+00
5.037595987319946289e+00,2.867160439491271973e-01,3.072590231895446777e-01,8.591686487197875977e-01,1.506600441997792306e+00,-1.357197819790311399e+00,-2.836235980989977090e+00,3.289015293121337891e-01,-3.015958964824676514e-01,8.726823925971984863e-01,-2.393840544716848484e+00,-1.370383983636745295e+00,-2.583754455933262584e+00
5.120825767517089844e+00,2.867160439491271973e-01,3.072590231895446777e-01,8.591686487197875977e-01,1.506600441997792306e+00,-1.357197819790311399e+00,-2.836235980989977090e+00,3.289015293121337891e-01,-3.015958964824676514e-01,8.726823925971984863e-01,-2.393840544716848484e+00,-1.370383983636745295e+00,-2.583754455933262584e+00
5.204050064086914062e+00,2.403863221406936646e-01,3.645643293857574463e-01,8.605034351348876953e-01,1.981951631125868474e+00,-1.325746275076577163e+00,3.098496011490944113e+00,2.894420921802520752e-01,-3.929795622825622559e-01,8.750777840614318848e-01,-2.857971277463740467e+00,-1.095560540960601292e+00,-2.373173002878833149e+00
5.289509057998657227e+00,2.454192042350769043e-01,3.595835268497467041e-01,8.571935892105102539e-01,2.055727220535651156e+00,-1.312773031888166964e+00,3.005801654088176456e+00,2.965118587017059326e-01,-3.744086921215057373e-01,8.763018846511840820e-01,-2.845551849817684165e+00,-1.096942690457563874e+00,-2.340396609385761550e+00
5.372597932815551758e+00,2.727429568767547607e-01,3.157746493816375732e-01,8.581125736236572266e-01,1.982608384924331002e+00,-1.334136183647054663e+00,2.995142681656362438e+00,3.187181353569030762e-01,-3.165490925312042236e-01,8.767360448837280273e-01,-2.798953330086016322e+00,-1.207477296397728272e+00,-2.237866493791980105e+00
5.455374956130981445e+00,2.946875691413879395e-01,2.659206092357635498e-01,8.611075282096862793e-01,1.791120890391671772e+00,-1.372713116775268194e+00,3.060659196605551635e+00,3.356846868991851807e-01,-2.675034701824188232e-01,8.769075274467468262e-01,-2.819087558835318141e+00,-1.266326528624593273e+00,-2.058875530381733654e+00
5.538962364196777344e+00,3.185400366783142090e-01,1.808892935514450073e-01,8.653734922409057617e-01,1.771532810025329585e+00,-1.405950694500178511e+00,2.860603609253490998e+00,3.528248667716979980e-01,-1.830256879329681396e-01,8.771971464157104492e-01,-2.800311446941227800e+00,-1.413702983028475746e+00,-1.774207868562971413e+00
5.622605562210083008e+00,3.284536004066467285e-01,1.356641948223114014e-01,8.642607331275939941e-01,1.681278912155393046e+00,-1.428523846634318861e+00,2.811355916976157054e+00,3.532094955444335938e-01,-1.302908211946487427e-01,8.752161860466003418e-01,-2.834730716431289377e+00,-1.452561893649282565e+00,-1.569144947911239374e+00
5.705072402954101562e+00,3.312174677848815918e-01,1.088304594159126282e-01,8.619748950004577637e-01,1.862136380605513342e+00,-1.433379281120216397e+00,2.570740634693790216e+00,3.482060134410858154e-01,-9.579008817672729492e-02,8.755107522010803223e-01,-3.062976162517868861e+00,-1.426412978533882825e+00,-1.254427469331873102e+00
5.788864612579345703e+00,3.280944526195526123e-01,1.030039712786674500e-01,8.633862733840942383e-01,1.802179783957224002e+00,-1.432767017111649110e+00,2.637478534045548884e+00,3.458128273487091064e-01,-8.293227851390838623e-02,8.782612681388854980e-01,-2.978089707384420581e+00,-1.421543443757482983e+00,-1.296214739247060432e+00
5.871415376663208008e+00,3.278383910655975342e-01,1.332195699214935303e-01,8.628640770912170410e-01,1.999099331070300245e+00,-1.417275875369850890e+00,2.486166572669499253e+00,3.513776361942291260e-01,-1.069399043917655945e-01,8.809939622879028320e-01,-2.749216557971567720e+00,-1.429548565312586117e+00,-1.597616310242582660e+00
5.955193519592285156e+00,3.251375555992126465e-01,1.658000499010086060e-01,8.607231378555297852e-01,1.872309612332395456e+00,-1.442852369214131958e+00,2.716393102647693514e+00,3.542540967464447021e-01,-1.397107094526290894e-01,8.806037902832031250e-01,-2.653322683844226759e+00,-1.455322699113787310e+00,-1.782026438207289232e+00
6.038106679916381836e+00,3.185195028781890869e-01,2.047484517097473145e-01,8.591967821121215820e-01,1.919131760972298206e+00,-1.456971559137135275e+00,2.776712523671639676e+00,3.513458371162414551e-01,-1.828692257404327393e-01,8.802759647369384766e-01,-2.616916341383247246e+00,-1.436189618532290435e+00,-1.945834467778941868e+00
6.122961997985839844e+00,2.972205281257629395e-01,2.646170854568481445e-01,8.579603433609008789e-01,1.783258821611694245e+00,-1.458950654237553213e+00,3.074382622859311631e+00,3.402271270751953125e-01,-2.616990804672241211e-01,8.753983974456787109e-01,-2.352209218520354472e+00,-1.420282147950740370e+00,-2.484769502275044228e+00
6.205619335174560547e+00,2.706155776977539062e-01,3.153050541877746582e-01,8.574721217155456543e-01,1.702051098748882829e+00,-1.437782319369871331e+00,-3.026567564522654408e+00,3.132705688476562500e-01,-3.380572199821472168e-01,8.679205179214477539e-01,-2.031304691341149216e+00,-1.387858000569925920e+00,-3.074898044944187170e+00
6.288246393203735352e+00,2.706155776977539062e-01,3.153050541877746582e-01,8.574721217155456543e-01,1.702051098748882829e+00,-1.437782319369871331e+00,-3.026567564522654408e+00,3.132705688476562500e-01,-3.380572199821472168e-01,8.679205179214477539e-01,-2.031304691341149216e+00,-1.387858000569925920e+00,-3.074898044944187170e+00
6.369164228439331055e+00,2.706155776977539062e-01,3.153050541877746582e-01,8.574721217155456543e-01,1.702051098748882829e+00,-1.437782319369871331e+00,-3.026567564522654408e+00,3.132705688476562500e-01,-3.380572199821472168e-01,8.679205179214477539e-01,-2.031304691341149216e+00,-1.387858000569925920e+00,-3.074898044944187170e+00
6.449774026870727539e+00,2.392107844352722168e-01,3.652656972408294678e-01,8.500443100929260254e-01,1.627544704478670390e+00,-1.383661082855986324e+00,-2.878977812223351584e+00,2.989922165870666504e-01,-3.811836838722229004e-01,8.664230108261108398e-01,-2.387612334120257973e+00,-1.325230553576537629e+00,-2.945071795417045113e+00
6.534332513809204102e+00,2.577517032623291016e-01,3.342491686344146729e-01,8.546980023384094238e-01,1.552569287932420217e+00,-1.370649092613476672e+00,-2.806567999322325591e+00,3.218237161636352539e-01,-3.337166309356689453e-01,8.689638376235961914e-01,-1.854582898919592271e+00,-1.378290214522746471e+00,2.969711463970253984e+00
6.615347385406494141e+00,2.808563113212585449e-01,2.910549044609069824e-01,8.659173250198364258e-01,1.422217868953365771e+00,-1.291947348584026045e+00,-2.721505134280625349e+00,3.430637419223785400e-01,-2.833794355392456055e-01,8.739511370658874512e-01,-1.431497944771041864e+00,-1.374657000924632611e+00,2.728604911144807410e+00
6.695284366607666016e+00,3.012461364269256592e-01,2.352556586265563965e-01,8.791668415069580078e-01,1.533258949679720651e+00,-1.280950296459721915e+00,-2.941186835846662184e+00,3.593339323997497559e-01,-2.236152440309524536e-01,8.790501356124877930e-01,-1.115658540356849748e+00,-1.358219920919251811e+00,2.620314822768495588e+00
6.777562856674194336e+00,3.145450353622436523e-01,1.813832968473434448e-01,8.848698735237121582e-01,1.423105819799317384e+00,-1.318265082830467172e+00,-3.039643032937583644e+00,3.634389638900756836e-01,-1.598881781101226807e-01,8.814751505851745605e-01,-8.705378976042458250e-01,-1.358265433388825549e+00,2.585186328724704996e+00
6.857091426849365234e+00,3.145450353622436523e-01,1.813832968473434448e-01,8.848698735237121582e-01,1.423105819799317384e+00,-1.318265082830467172e+00,-3.039643032937583644e+00,3.634389638900756836e-01,-1.598881781101226807e-01,8.814751505851745605e-01,-8.705378976042458250e-01,-1.358265433388825549e+00,2.585186328724704996e+00
6.940395832061767578e+00,3.275370895862579346e-01,1.173630133271217346e-01,8.687996864318847656e-01,1.278017591765807648e+00,-1.389551455558158066e+00,-3.094992488943467013e+00,3.502438068389892578e-01,-6.444963812828063965e-02,8.786001205444335938e-01,-5.691415152201908523e-01,-1.407221048628544580e+00,2.659613156683040103e+00
7.023031234741210938e+00,3.267979025840759277e-01,1.361599713563919067e-01,8.647029995918273926e-01,1.403562254457901393e+00,-1.404484821807676864e+00,3.085240679275782494e+00,3.527054190635681152e-01,-7.149361073970794678e-02,8.786933422088623047e-01,-5.416024123954026326e-01,-1.409031577672480662e+00,2.616675321434861701e+00
7.106566667556762695e+00,3.198982477188110352e-01,1.918120533227920532e-01,8.610672950744628906e-01,1.258091465295467559e+00,-1.404079714119001565e+00,-2.912955967812346003e+00,3.589119911193847656e-01,-1.158050671219825745e-01,8.774309158325195312e-01,-7.999727669236702532e-01,-1.412457677749094920e+00,2.725348802194968556e+00
7.190072536468505859e+00,3.095629811286926270e-01,2.329069823026657104e-01,8.589094281196594238e-01,1.021768271131059169e+00,-1.358236718437533463e+00,-2.516778148699039708e+00,3.614750802516937256e-01,-1.643350273370742798e-01,8.757003545761108398e-01,-8.439509324776534038e-01,-1.425537061386507709e+00,2.603265561098312642e+00
7.273832559585571289e+00,2.799964547157287598e-01,2.967769801616668701e-01,8.495154380798339844e-01,9.470474559737489528e-01,-1.252358441890883967e+00,-2.267662257686435368e+00,3.482487499713897705e-01,-2.511173784732818604e-01,8.691530823707580566e-01,-9.917997902965685064e-01,-1.383034220644528745e+00,2.493873900849357561e+00
7.355930805206298828e+00,2.575705349445343018e-01,3.267552256584167480e-01,8.448773622512817383e-01,9.979254892080722250e-01,-1.286635281555981170e+00,-2.271405912132939520e+00,3.282948732376098633e-01,-3.069652020931243896e-01,8.653467297554016113e-01,-1.215884028300540542e+00,-1.389633341908858455e+00,2.557414922762689891e+00
7.441009759902954102e+00,2.302571386098861694e-01,3.599454760551452637e-01,8.389655351638793945e-01,1.103113084819157264e+00,-1.290689263863386227e+00,-2.328781528021537817e+00,2.889148294925689697e-01,-3.795515596866607666e-01,8.607050180435180664e-01,-2.169753410244275482e+00,-1.375518808429838202e+00,-2.974396095004922191e+00
7.524236679077148438e+00,2.159353792667388916e-01,3.750813603401184082e-01,8.353294134140014648e-01,1.112902772543121088e+00,-1.322802913876045094e+00,-2.298930728606084273e+00,2.728005647659301758e-01,-4.088224470615386963e-01,8.597543239593505859e-01,-2.382564907019011802e+00,-1.343919928680380016e+00,-2.913792166443524234e+00
7.607593536376953125e+00,2.059021741151809692e-01,3.906225264072418213e-01,8.294601440429687500e-01,1.144640468877865525e+00,-1.369639961109534454e+00,-2.276724924579176523e+00,2.673276364803314209e-01,-4.094333052635192871e-01,8.629158735275268555e-01,-2.510084560244607577e+00,-1.346746673787838855e+00,-2.801620558806446670e+00
7.691197633743286133e+00,2.086364775896072388e-01,3.880045711994171143e-01,8.312900066375732422e-01,1.202596035451993339e+00,-1.374560728605318749e+00,-2.312476921573101585e+00,2.794283628463745117e-01,-3.934517204761505127e-01,8.620840311050415039e-01,-2.547536276979271097e+00,-1.357364202667762587e+00,-2.666635369549835044e+00
7.774194478988647461e+00,2.309704720973968506e-01,3.660441935062408447e-01,8.404949903488159180e-01,1.413859561363259187e+00,-1.324397207109249797e+00,-2.601899302766594424e+00,3.061930239200592041e-01,-3.495917320251464844e-01,8.671815991401672363e-01,-2.530198686980722478e+00,-1.381421924821348846e+00,-2.528354566817338167e+00
7.856757640838623047e+00,2.510243058204650879e-01,3.197981417179107666e-01,8.556876778602600098e-01,1.339830855850143720e+00,-1.314352960805293069e+00,-2.618528500345079557e+00,3.234730958938598633e-01,-3.085718452930450439e-01,8.730742335319519043e-01,-2.065223079653455418e+00,-1.440955109949448421e+00,-2.873217745668525058e+00
7.939308643341064453e+00,2.832184433937072754e-01,2.375568896532058716e-01,8.705028295516967773e-01,1.082521522469489073e+00,-1.302121916395061696e+00,-2.603617251417242429e+00,3.438853025436401367e-01,-2.298348248004913330e-01,8.832734227180480957e-01,-9.800291582066117391e-01,-1.429872833231356832e+00,2.582198588739085476e+00
8.022829055786132812e+00,2.995270490646362305e-01,1.843461096286773682e-01,8.748818039894104004e-01,1.201465656541118587e+00,-1.337873788636049444e+00,-2.917672742790208940e+00,3.508329093456268311e-01,-1.774206757545471191e-01,8.845703601837158203e-01,-9.779164864643774546e-01,-1.435676036778273712e+00,2.705711587278793573e+00
8.107485532760620117e+00,3.086777925491333008e-01,1.422747671604156494e-01,8.742240667343139648e-01,1.062836482024262619e+00,-1.332901392502497728e+00,-2.891944389479637056e+00,3.497451543807983398e-01,-1.318172216415405273e-01,8.834553956985473633e-01,-6.552689370876351171e-01,-1.384431171587737097e+00,2.465895837959696468e+00
8.191115379333496094e+00,3.120748996734619141e-01,1.129824593663215637e-01,8.720229268074035645e-01,1.084760241840494466e+00,-1.359310714362813144e+00,-2.983871411926396711e+00,3.495628237724304199e-01,-9.270538389682769775e-02,8.747600913047790527e-01,-5.036532259401651501e-01,-1.381173589820053893e+00,2.510544988999684257e+00
8.274423599243164062e+00,3.139840364456176758e-01,1.244057565927505493e-01,8.686755895614624023e-01,1.074116905693440538e+00,-1.360098969458060525e+00,-2.959045890072685481e+00,3.526116907596588135e-01,-8.725129812955856323e-02,8.721640706062316895e-01,-4.532452993960560672e-01,-1.398293367532630338e+00,2.470441390811612514e+00
8.357792854309082031e+00,3.152239322662353516e-01,1.514065563678741455e-01,8.628174066543579102e-01,1.141075107408625611e+00,-1.378472239348032868e+00,-2.954428355138547069e+00,3.573340475559234619e-01,-1.072556152939796448e-01,8.720886707305908203e-01,-5.385333378305269258e-01,-1.402398502274576186e+00,2.494340491718087804e+00
8.441111803054809570e+00,3.095308542251586914e-01,2.091269642114639282e-01,8.566340208053588867e-01,9.635342358027925158e-01,-1.411519130807541877e+00,-2.618443823145423011e+00,3.616483211517333984e-01,-1.637390702962875366e-01,8.706787824630737305e-01,-5.822583058589609895e-01,-1.401872613256003319e+00,2.356580472242771229e+00
8.523261785507202148e+00,2.963095903396606445e-01,2.528802454471588135e-01,8.537534475326538086e-01,7.981054287530617852e-01,-1.380094742914951267e+00,-2.287060817000758028e+00,3.557173013687133789e-01,-2.143783271312713623e-01,8.680715560913085938e-01,-8.138902141969016624e-01,-1.419234635612882878e+00,2.429792200977743288e+00
8.606015920639038086e+00,2.797072529792785645e-01,2.995774447917938232e-01,8.492684960365295410e-01,9.280291883704738787e-01,-1.331653532216259039e+00,-2.310951894224720693e+00,3.438957333564758301e-01,-2.697090804576873779e-01,8.627563714981079102e-01,-9.715282525725557061e-01,-1.408348408444346500e+00,2.401743304422252479e+00
8.687781095504760742e+00,2.457143068313598633e-01,3.534521758556365967e-01,8.434716463088989258e-01,1.502504872441988937e+00,-1.372529780119011278e+00,-2.760954357721768559e+00,3.119268715381622314e-01,-3.487269878387451172e-01,8.556126356124877930e-01,-1.237085592938945711e+00,-1.413956767038888174e+00,2.367910724415914991e+00
8.772799968719482422e+00,2.341963052749633789e-01,3.682552576065063477e-01,8.412841558456420898e-01,1.503057880107796507e+00,-1.372139458389895372e+00,-2.741422179394923830e+00,3.007049560546875000e-01,-3.741457760334014893e-01,8.541015386581420898e-01,-1.580995437605214438e+00,-1.402185208444990394e+00,2.626516021714909055e+00
8.852913856506347656e+00,2.039186358451843262e-01,4.023327529430389404e-01,8.311810493469238281e-01,1.440538832963999427e+00,-1.360269864089312275e+00,-2.536552648920704200e+00,2.704957425594329834e-01,-4.257525205612182617e-01,8.561789393424987793e-01,-2.391032636638581899e+00,-1.341386538956436336e+00,-2.999635239271290388e+00
8.933638095855712891e+00,2.022832483053207397e-01,3.983435630798339844e-01,8.303998708724975586e-01,1.480161390196926607e+00,-1.374809563603863527e+00,-2.577207445555295795e+00,2.834734320640563965e-01,-4.049696624279022217e-01,8.598847389221191406e-01,-2.683201263146971272e+00,-1.324420040933844689e+00,-2.672534614648498952e+00
9.015949487686157227e+00,2.167311310768127441e-01,3.850955367088317871e-01,8.355060815811157227e-01,1.560917922087915244e+00,-1.368566588771259696e+00,-2.694461235213120531e+00,3.002469837665557861e-01,-3.765208423137664795e-01,8.625482320785522461e-01,-2.597270455855553717e+00,-1.333802001984558672e+00,-2.578811383297286763e+00
9.096466541290283203e+00,2.488668709993362427e-01,3.395087718963623047e-01,8.497901558876037598e-01,1.321289637538645367e+00,-1.319135647197083872e+00,-2.619809242023934281e+00,3.306856155395507812e-01,-3.174745440483093262e-01,8.747950792312622070e-01,-2.038865689567407991e+00,-1.458304740603492355e+00,-2.938700603767292030e+00
9.178917884826660156e+00,2.716315686702728271e-01,2.924609780311584473e-01,8.610642552375793457e-01,1.386539417032012445e+00,-1.362466436700656258e+00,-2.835960030701169643e+00,3.470640182495117188e-01,-2.684969902038574219e-01,8.832440972328186035e-01,-1.228980288050672831e+00,-1.461031828978148317e+00,2.694278895865264367e+00
9.260725736618041992e+00,2.993612885475158691e-01,2.157249450683593750e-01,8.716438412666320801e-01,1.233834654199711611e+00,-1.398708154694794370e+00,-2.890750799819819417e+00,3.649961054325103760e-01,-1.891913563013076782e-01,8.884978890419006348e-01,-7.364080110639039667e-01,-1.409240103807361866e+00,2.380681328421384357e+00
9.341920375823974609e+00,3.115508258342742920e-01,1.755703687667846680e-01,8.720753192901611328e-01,1.212259201336819858e+00,-1.406415224656160756e+00,-3.006420680228514719e+00,3.671480417251586914e-01,-1.406901627779006958e-01,8.833031058311462402e-01,-6.487769183927843963e-01,-1.360407982935869065e+00,2.420204663594057948e+00
9.426523447036743164e+00,3.168939948081970215e-01,1.461899131536483765e-01,8.717585206031799316e-01,1.334092892841103328e+00,-1.425007971283843267e+00,3.093725474611066062e+00,3.637955188751220703e-01,-1.025457009673118591e-01,8.780035972595214844e-01,-6.222675172122558163e-01,-1.355907382727470356e+00,2.510958657503439717e+00
9.507794141769409180e+00,3.179716765880584717e-01,1.334561556577682495e-01,8.714073300361633301e-01,1.214043797204352071e+00,-1.415751282689081902e+00,-3.095436256395067698e+00,3.620976507663726807e-01,-7.946709543466567993e-02,8.699864149093627930e-01,-5.096720630189018886e-01,-1.398071450845737251e+00,2.499483676965285728e+00
9.592967033386230469e+00,3.193592131137847900e-01,1.449600756168365479e-01,8.648178577423095703e-01,1.226601756229971585e+00,-1.427756592041457218e+00,-3.105476018030519647e+00,3.633485138416290283e-01,-7.271765917539596558e-02,8.623080253601074219e-01,-2.768778068955468630e-01,-1.398524087777980762e+00,2.265144921243654963e+00
9.674446344375610352e+00,3.174157440662384033e-01,1.817700564861297607e-01,8.591994047164916992e-01,1.143167223581318392e+00,-1.452385421164150481e+00,-2.893615566557887764e+00,3.694641292095184326e-01,-1.029298529028892517e-01,8.635348081588745117e-01,-4.495486077117588630e-01,-1.379756832866405158e+00,2.356823648367044388e+00
9.758553266525268555e+00,3.086666762828826904e-01,2.185790836811065674e-01,8.590788841247558594e-01,8.740121608851076918e-01,-1.427171337349484759e+00,-2.510639093181548986e+00,3.735674023628234863e-01,-1.391344666481018066e-01,8.663522601127624512e-01,-6.362305642423884411e-01,-1.391474512230913785e+00,2.404303904341407616e+00
9.841931343078613281e+00,2.814053297042846680e-01,2.864223718643188477e-01,8.563368320465087891e-01,6.875809248549396013e-01,-1.323400141548655817e+00,-2.162604915566417318e+00,3.649148046970367432e-01,-2.202020138502120972e-01,8.664450645446777344e-01,-8.625837627300113608e-01,-1.362954516755038537e+00,2.354360206679984024e+00
9.925194740295410156e+00,2.569413781166076660e-01,3.256423473358154297e-01,8.513619899749755859e-01,6.488530334503301855e-01,-1.270775941311067969e+00,-1.984606731472794428e+00,3.473802804946899414e-01,-2.814686596393585205e-01,8.643466234207153320e-01,-8.881469469363547642e-01,-1.385284015895508869e+00,2.191816901415179153e+00
1.001044726371765137e+01,2.316443771123886108e-01,3.553437590599060059e-01,8.436312079429626465e-01,7.510268196037649391e-01,-1.305290424163708884e+00,-2.016123121400581919e+00,3.198312520980834961e-01,-3.394604921340942383e-01,8.574506044387817383e-01,-1.190294318859515865e+00,-1.438086961127028607e+00,2.344240014209786782e+00
1.009463977813720703e+01,2.200055420398712158e-01,3.664081096649169922e-01,8.398776650428771973e-01,7.545240083175781542e-01,-1.308298431039425891e+00,-1.978421389865225866e+00,3.045331239700317383e-01,-3.669229745864868164e-01,8.537620902061462402e-01,-1.250587011714107799e+00,-1.435008434480091744e+00,2.345723935144490735e+00
1.017642116546630859e+01,2.200055420398712158e-01,3.664081096649169922e-01,8.398776650428771973e-01,7.545240083175781542e-01,-1.308298431039425891e+00,-1.978421389865225866e+00,3.045331239700317383e-01,-3.669229745864868164e-01,8.537620902061462402e-01,-1.250587011714107799e+00,-1.435008434480091744e+00,2.345723935144490735e+00
1.025947809219360352e+01,2.200055420398712158e-01,3.664081096649169922e-01,8.398776650428771973e-01,7.545240083175781542e-01,-1.308298431039425891e+00,-1.978421389865225866e+00,3.045331239700317383e-01,-3.669229745864868164e-01,8.537620902061462402e-01,-1.250587011714107799e+00,-1.435008434480091744e+00,2.345723935144490735e+00
1.034140467643737793e+01,2.200055420398712158e-01,3.664081096649169922e-01,8.398776650428771973e-01,7.545240083175781542e-01,-1.308298431039425891e+00,-1.978421389865225866e+00,3.045331239700317383e-01,-3.669229745864868164e-01,8.537620902061462402e-01,-1.250587011714107799e+00,-1.435008434480091744e+00,2.345723935144490735e+00
1.042087388038635254e+01,2.200055420398712158e-01,3.664081096649169922e-01,8.398776650428771973e-01,7.545240083175781542e-01,-1.308298431039425891e+00,-1.978421389865225866e+00,3.045331239700317383e-01,-3.669229745864868164e-01,8.537620902061462402e-01,-1.250587011714107799e+00,-1.435008434480091744e+00,2.345723935144490735e+00
1.051369452476501465e+01,2.727826237678527832e-01,2.647993862628936768e-01,8.619577884674072266e-01,8.118488542300317246e-01,-1.328170521147469252e+00,-2.280132286908956196e+00,3.522090315818786621e-01,-2.242652773857116699e-01,8.805081844329833984e-01,-6.843642891071604062e-01,-1.487643183355995546e+00,2.284706074106839235e+00
1.059336781501770020e+01,2.970910370349884033e-01,1.860400885343551636e-01,8.719220161437988281e-01,9.762822171352427691e-01,-1.453250841926225778e+00,-2.664753778681969720e+00,3.608474433422088623e-01,-1.351194381713867188e-01,8.788563013076782227e-01,-2.156511171134055660e-01,-1.494850272473374098e+00,2.114452063920160718e+00
1.067515516281127930e+01,3.050324022769927979e-01,1.454103440046310425e-01,8.741970658302307129e-01,9.802382829289788546e-01,-1.491996285150363644e+00,-2.792629982562139901e+00,3.576419055461883545e-01,-9.063592553138732910e-02,8.723700046539306641e-01,-5.650946389436972694e-02,-1.452490136284358524e+00,2.086411877721719321e+00
1.076043248176574707e+01,3.035069704055786133e-01,1.197172179818153381e-01,8.766242265701293945e-01,1.309459245235440106e+00,-1.487235535512403839e+00,3.089283175255269853e+00,3.527235388755798340e-01,-5.463983118534088135e-02,8.709276318550109863e-01,4.130827602620623651e-01,-1.521545210219406918e+00,1.655222891673003627e+00
1.084106469154357910e+01,3.025580644607543945e-01,1.207475215196609497e-01,8.758631944656372070e-01,1.314246464511965584e+00,-1.477412333218324658e+00,3.088353679922712480e+00,3.543381690979003906e-01,-5.217830091714859009e-02,8.720778822898864746e-01,8.796311205037115055e-01,-1.535809603237360932e+00,1.186240804991862019e+00
1.092555665969848633e+01,3.030183315277099609e-01,1.483714580535888672e-01,8.686769008636474609e-01,1.305149068181237215e+00,-1.469504527832967256e+00,-3.139593282802716434e+00,3.618162870407104492e-01,-7.185826450586318970e-02,8.707150220870971680e-01,4.023436849960179140e-01,-1.535429251603656731e+00,1.628871376471213051e+00
1.100749874114990234e+01,2.990087270736694336e-01,2.016753554344177246e-01,8.594943284988403320e-01,1.203441767922949435e+00,-1.508487000965177849e+00,-2.887673788455438650e+00,3.659628927707672119e-01,-1.259530186653137207e-01,8.685083985328674316e-01,-2.874585825106513726e-01,-1.504870928537677122e+00,2.183494382513764265e+00
1.109278631210327148e+01,2.909573316574096680e-01,2.433608472347259521e-01,8.541398048400878906e-01,1.005293538657134222e+00,-1.471693376104578066e+00,-2.568507218729857655e+00,3.651458323001861572e-01,-1.776673942804336548e-01,8.652337789535522461e-01,-2.876930115812648125e-01,-1.448355794510156835e+00,2.022715316931461338e+00
1.117547750473022461e+01,2.653478682041168213e-01,3.086135685443878174e-01,8.481988310813903809e-01,7.574082170518580126e-01,-1.366589791570148815e+00,-2.125559672790909627e+00,3.502841591835021973e-01,-2.633924186229705811e-01,8.607787489891052246e-01,-4.711306586959638221e-01,-1.393462556375826944e+00,1.910683540793802093e+00
1.125901556015014648e+01,2.451605945825576782e-01,3.459841310977935791e-01,8.440268039703369141e-01,1.043013954853966974e+00,-1.406670515292129053e+00,-2.331338700740242409e+00,3.304692208766937256e-01,-3.195343017578125000e-01,8.578903675079345703e-01,-7.902592379715730475e-01,-1.491558532461563669e+00,2.024266466840664691e+00
1.133872103691101074e+01,2.254924774169921875e-01,3.748142421245574951e-01,8.426312208175659180e-01,1.169744659662932840e+00,-1.409721820028825290e+00,-2.397931630070911702e+00,3.072611987590789795e-01,-3.722512722015380859e-01,8.552407622337341309e-01,-1.423567503680542634e+00,-1.488391871288322843e+00,2.569697601655677843e+00
1.141715002059936523e+01,2.143848687410354614e-01,3.977931439876556396e-01,8.382874727249145508e-01,1.329514993931160127e+00,-1.449071602951077065e+00,-2.473061386669311190e+00,2.942151129245758057e-01,-4.107698500156402588e-01,8.574141860008239746e-01,-2.852787139829614294e+00,-1.425025559994403945e+00,-2.454522182596107438e+00
1.149993920326232910e+01,2.119542062282562256e-01,4.040734469890594482e-01,8.337585926055908203e-01,1.489724829777512971e+00,-1.436650590651254999e+00,-2.601482048767604915e+00,2.952132225036621094e-01,-4.081258773803710938e-01,8.594214916229248047e-01,-3.129323336991188143e+00,-1.373640050551587777e+00,-2.155275834702102600e+00
1.158370828628540039e+01,2.244725227355957031e-01,3.870125710964202881e-01,8.386839628219604492e-01,1.639757807486564190e+00,-1.436629074522605576e+00,-2.791075788215196418e+00,3.102164864540100098e-01,-3.816986978054046631e-01,8.608623743057250977e-01,-3.078778786246564536e+00,-1.389105350749873624e+00,-2.066898624866281509e+00
1.166413044929504395e+01,2.540202736854553223e-01,3.361442685127258301e-01,8.518839478492736816e-01,1.242196315739621193e+00,-1.393141971521700384e+00,-2.533274613913346407e+00,3.322219550609588623e-01,-3.132969439029693604e-01,8.719452023506164551e-01,-1.820220567759053498e+00,-1.517140664967027375e+00,-3.112745979606386992e+00
1.174422740936279297e+01,2.766699492931365967e-01,2.866863608360290527e-01,8.577208518981933594e-01,9.849387494613430771e-01,-1.341356059881069207e+00,-2.378234521439422267e+00,3.452700972557067871e-01,-2.589640915393829346e-01,8.796595335006713867e-01,-1.050642004296157950e+00,-1.494208954831803826e+00,2.589385865327569203e+00
1.182745790481567383e+01,2.949716448783874512e-01,2.318004071712493896e-01,8.617037534713745117e-01,9.826760627564481432e-01,-1.354482910950923547e+00,-2.577808430851099342e+00,3.549096286296844482e-01,-1.978640109300613403e-01,8.835693597793579102e-01,-4.694634668299882962e-01,-1.460461705686521450e+00,2.161969951586229843e+00
1.191342306137084961e+01,3.043846786022186279e-01,1.826712638139724731e-01,8.608338236808776855e-01,1.047548482297513850e+00,-1.380895575178098911e+00,-2.742696152293302880e+00,3.549111187458038330e-01,-1.400751918554306030e-01,8.822203278541564941e-01,-3.864961611332832225e-01,-1.440768180034023072e+00,2.289428462171885670e+00
1.199451184272766113e+01,3.045659065246582031e-01,1.287899017333984375e-01,8.606637120246887207e-01,9.842615703223682733e-01,-1.395981538228516339e+00,-2.799081134997121190e+00,3.442777991294860840e-01,-7.831790298223495483e-02,8.798854947090148926e-01,-2.613124961046455752e-01,-1.502220448937835018e+00,2.354255576965079921e+00
1.207844018936157227e+01,3.047257661819458008e-01,1.193672716617584229e-01,8.599520921707153320e-01,1.061067583473785714e+00,-1.405863556643094814e+00,-2.894487559181382341e+00,3.433823585510253906e-01,-6.625870615243911743e-02,8.789674639701843262e-01,-1.186141770846409482e-01,-1.516175521441790242e+00,2.243648286433942651e+00
1.216075015068054199e+01,3.047257661819458008e-01,1.193672716617584229e-01,8.599520921707153320e-01,1.061067583473785714e+00,-1.405863556643094814e+00,-2.894487559181382341e+00,3.433823585510253906e-01,-6.625870615243911743e-02,8.789674639701843262e-01,-1.186141770846409482e-01,-1.516175521441790242e+00,2.243648286433942651e+00
1.224373626708984375e+01,3.073196411132812500e-01,1.307871490716934204e-01,8.559337258338928223e-01,1.069781656464083408e+00,-1.426261512820445443e+00,-2.898771948256437359e+00,3.481848239898681641e-01,-6.831000745296478271e-02,8.759294152259826660e-01,-2.303262059776718385e-01,-1.517296480110232437e+00,2.339767603843652566e+00
1.233164834976196289e+01,3.027117550373077393e-01,2.160655409097671509e-01,8.468127250671386719e-01,1.131344622522616694e+00,-1.491009107522826671e+00,-2.739626558471440099e+00,3.559131324291229248e-01,-1.669187098741531372e-01,8.674572706222534180e-01,-4.208520804637486679e-01,-1.423682032972003686e+00,2.254577259074777018e+00
1.241332101821899414e+01,2.792854011058807373e-01,2.819731533527374268e-01,8.433705568313598633e-01,5.318331678239054394e-01,-1.433995421864462161e+00,-1.907434358717336353e+00,3.444824814796447754e-01,-2.527344822883605957e-01,8.636950254440307617e-01,-4.624622581807966704e-01,-1.399265129065047075e+00,2.031713324962296507e+00
1.249659538269042969e+01,2.452739030122756958e-01,3.434465527534484863e-01,8.367367982864379883e-01,1.094243358810877531e+00,-1.452468729265085079e+00,-2.305173867602153592e+00,3.198310732841491699e-01,-3.427112102508544922e-01,8.571708798408508301e-01,-7.323741971635906456e-01,-1.460331139001913581e+00,1.964579095570327061e+00
1.257841038703918457e+01,2.228019535541534424e-01,3.681797981262207031e-01,8.375096321105957031e-01,1.520656923876340993e+00,-1.432052405160733954e+00,-2.669585491042090641e+00,3.043795228004455566e-01,-3.918552398681640625e-01,8.567699790000915527e-01,-2.158585159546961840e+00,-1.484038825737060696e+00,-3.061611569307437719e+00
1.266206455230712891e+01,2.046773135662078857e-01,3.899203538894653320e-01,8.354092240333557129e-01,1.781665235167834815e+00,-1.433148666193147180e+00,-2.810127704007077121e+00,2.957980930805206299e-01,-4.153649508953094482e-01,8.584443926811218262e-01,-2.660880112264805142e+00,-1.391629315498601249e+00,-2.670380479193782186e+00
1.274507451057434082e+01,2.050285041332244873e-01,3.973674178123474121e-01,8.335400819778442383e-01,1.821272312172119490e+00,-1.426482914319773032e+00,-2.829977317587021979e+00,2.998308837413787842e-01,-4.070411026477813721e-01,8.595558404922485352e-01,-2.837094811176023690e+00,-1.370753305478900730e+00,-2.464182819346811826e+00
1.282991838455200195e+01,2.117383629083633423e-01,3.881454467773437500e-01,8.373168706893920898e-01,1.925827719251405279e+00,-1.431017290514030371e+00,-2.940106809194670490e+00,3.173700571060180664e-01,-3.691029250621795654e-01,8.647514581680297852e-01,-2.657229461258463488e+00,-1.440963033948883254e+00,-2.451485485570369605e+00
1.291339445114135742e+01,2.381404638290405273e-01,3.471164405345916748e-01,8.467843532562255859e-01,1.272711075078586607e+00,-1.367061763792168705e+00,-2.393778473219753788e+00,3.306624889373779297e-01,-3.276235461235046387e-01,8.706313967704772949e-01,-2.244818271697029743e+00,-1.491654813000434787e+00,-2.754406328689224637e+00
1.299612092971801758e+01,2.710198462009429932e-01,2.821105718612670898e-01,8.548769354820251465e-01,1.074509986825695762e+00,-1.284880388569602294e+00,-2.349718839419336902e+00,3.477577567100524902e-01,-2.503666579723358154e-01,8.798154592514038086e-01,-4.912240897397700534e-01,-1.460361414337722374e+00,2.030204935293197455e+00
1.307890439033508301e+01,2.895626425743103027e-01,2.289289534091949463e-01,8.610309958457946777e-01,1.156864304000661203e+00,-1.345604711192543990e+00,-2.611236683375160350e+00,3.588005304336547852e-01,-1.928562223911285400e-01,8.798342943191528320e-01,-3.559087003413711203e-01,-1.429587525053950481e+00,2.086077276827379201e+00
1.316205358505249023e+01,3.023077845573425293e-01,1.790085285902023315e-01,8.647669553756713867e-01,1.353832242238083516e+00,-1.401924432338849780e+00,-2.975120051798842091e+00,3.597472608089447021e-01,-1.351509392261505127e-01,8.770328760147094727e-01,-2.347853032114886052e-01,-1.430511284095658198e+00,2.127978850376106124e+00
1.324888992309570312e+01,3.096991181373596191e-01,1.443040519952774048e-01,8.638674020767211914e-01,1.073891860284218458e+00,-1.398373784782710683e+00,-2.788491431232049678e+00,3.543157279491424561e-01,-9.354799240827560425e-02,8.743966817855834961e-01,-8.759499301274287220e-02,-1.394594368309813426e+00,2.115427124623936006e+00
1.333013391494750977e+01,3.132183551788330078e-01,1.250811219215393066e-01,8.603944778442382812e-01,1.165694837464673173e+00,-1.434920851637295991e+00,-2.915655123782026514e+00,3.500169515609741211e-01,-6.599449366331100464e-02,8.718650341033935547e-01,5.752116842888599368e-02,-1.393532735892051733e+00,2.048016782690668780e+00
1.341181063652038574e+01,3.119953870773315430e-01,1.392530053853988647e-01,8.554983735084533691e-01,1.174243470325301741e+00,-1.433772782617671826e+00,-2.922843979364908584e+00,3.530368208885192871e-01,-7.424238324165344238e-02,8.722833991050720215e-01,1.186844179770576435e-01,-1.394908968510061964e+00,1.955003718890603759e+00
1.349573063850402832e+01,3.093298077583312988e-01,1.650874018669128418e-01,8.526535034179687500e-01,1.164157489035562598e+00,-1.415150068500569347e+00,-2.860151701390666545e+00,3.568477630615234375e-01,-1.002155169844627380e-01,8.719870448112487793e-01,-3.255382846410204145e-02,-1.418271187332138750e+00,2.062424525465320180e+00
1.357814359664916992e+01,3.017734587192535400e-01,1.999554783105850220e-01,8.500068187713623047e-01,1.064209954114440526e+00,-1.390302733257746004e+00,-2.618703607550434853e+00,3.577028810977935791e-01,-1.399019956588745117e-01,8.704298138618469238e-01,-2.249633331637170830e-01,-1.397026245783157483e+00,2.104073331066393493e+00
1.366235637664794922e+01,2.683396339416503906e-01,2.864395678043365479e-01,8.413108587265014648e-01,8.734196301524771444e-01,-1.254296123552741449e+00,-2.213212942941123806e+00,3.341839909553527832e-01,-2.539970278739929199e-01,8.594144582748413086e-01,-7.573895682902459514e-01,-1.524343636079877662e+00,2.343841070851713226e+00
1.374591851234436035e+01,2.436969280242919922e-01,3.258658647537231445e-01,8.339362144470214844e-01,8.323851077783848140e-01,-1.292972117243826657e+00,-2.127412521468720730e+00,3.148602843284606934e-01,-3.139791488647460938e-01,8.522455692291259766e-01,-2.733007985259905404e+00,-1.543064159786393219e+00,-2.189403668589084084e+00
1.382987546920776367e+01,2.251817584037780762e-01,3.586207032203674316e-01,8.238047361373901367e-01,1.097676451800243758e+00,-1.331565788007106566e+00,-2.299399150051466112e+00,3.008728027343750000e-01,-3.655620813369750977e-01,8.508689403533935547e-01,-2.696759324925261492e+00,-1.426697219624856405e+00,-2.372949489688377600e+00
1.391272449493408203e+01,2.251817584037780762e-01,3.586207032203674316e-01,8.238047361373901367e-01,1.097676451800243758e+00,-1.331565788007106566e+00,-2.299399150051466112e+00,3.008728027343750000e-01,-3.655620813369750977e-01,8.508689403533935547e-01,-2.696759324925261492e+00,-1.426697219624856405e+00,-2.372949489688377600e+00
1.399552869796752930e+01,2.251817584037780762e-01,3.586207032203674316e-01,8.238047361373901367e-01,1.097676451800243758e+00,-1.331565788007106566e+00,-2.299399150051466112e+00,3.008728027343750000e-01,-3.655620813369750977e-01,8.508689403533935547e-01,-2.696759324925261492e+00,-1.426697219624856405e+00,-2.372949489688377600e+00
1.407963871955871582e+01,2.045274525880813599e-01,3.862155079841613770e-01,8.194674253463745117e-01,1.389353215302662647e+00,-1.381784359301894805e+00,-2.501429822921421575e+00,2.960844337940216064e-01,-4.105475246906280518e-01,8.513494133949279785e-01,-3.087029597331405473e+00,-1.329894228225399377e+00,-2.189418165986480869e+00
1.416616725921630859e+01,2.082342654466629028e-01,3.843778669834136963e-01,8.219238519668579102e-01,1.423050140538656860e+00,-1.395912368541195825e+00,-2.524633450374206944e+00,2.984198331832885742e-01,-4.054187536239624023e-01,8.504589796066284180e-01,-3.003307728871156712e+00,-1.359450114412912969e+00,-2.234249829084877348e+00
1.424626898765563965e+01,2.648404836654663086e-01,2.719587385654449463e-01,8.515235185623168945e-01,1.175610530530315945e+00,-1.342965784882058644e+00,-2.586942347165147371e+00,3.401802778244018555e-01,-2.429597973823547363e-01,8.694001436233520508e-01,-2.415494222536160418e+00,-1.495662360499541599e+00,-2.300738621625234348e+00
1.432892155647277832e+01,2.789944410324096680e-01,2.225078642368316650e-01,8.564372658729553223e-01,1.129833379979488184e+00,-1.344088682562658565e+00,-2.706541382088547110e+00,3.495832681655883789e-01,-1.835213154554367065e-01,8.637050390243530273e-01,-2.648306478325776592e+00,-1.563181355097565284e+00,-1.833935484496812318e+00
1.441444921493530273e+01,2.860285043716430664e-01,1.581507027149200439e-01,8.569843769073486328e-01,9.443837782807475989e-01,-1.359168226539180013e+00,-2.721129614230756388e+00,3.435259461402893066e-01,-1.037817224860191345e-01,8.469381928443908691e-01,1.747743168100873490e+00,-1.520764523898080256e+00,3.099990648888669709e-01
1.449666619300842285e+01,2.849473059177398682e-01,1.328688561916351318e-01,8.563224077224731445e-01,6.331431714364632590e-01,-1.290232555874062159e+00,-2.463055073401260398e+00,3.353968858718872070e-01,-7.539430260658264160e-02,8.408285379409790039e-01,1.547578350294861682e+00,-1.487902590850171070e+00,6.262794373629766431e-01
1.457908773422241211e+01,2.895848751068115234e-01,1.302917152643203735e-01,8.540048003196716309e-01,4.369076721825193577e-01,-1.260687923234503627e+00,-2.313979916787053170e+00,3.346757888793945312e-01,-6.772511452436447144e-02,8.388130664825439453e-01,5.572979930249147840e-01,-1.430805473417765761e+00,1.657017208395127117e+00
1.466229486465454102e+01,2.970286011695861816e-01,1.617169529199600220e-01,8.531476855278015137e-01,2.494411434231431635e-01,-1.204680861970154560e+00,-2.082382233596437260e+00,3.412487804889678955e-01,-9.458714723587036133e-02,8.466954827308654785e-01,3.938973645288810221e-01,-1.449909555732440847e+00,1.767464634966041670e+00
1.474565744400024414e+01,3.005713224411010742e-01,1.965813785791397095e-01,8.555756807327270508e-01,1.926851453749107712e-01,-1.172338485789812923e+00,-1.942289716443099223e+00,3.459831178188323975e-01,-1.276841014623641968e-01,8.514143824577331543e-01,1.889376175089276799e-01,-1.489602946397220684e+00,1.845063967287107864e+00
1.482899045944213867e+01,2.943626344203948975e-01,2.554787993431091309e-01,8.611587285995483398e-01,2.752265901238066803e-01,-1.044065959513629904e+00,-1.777595059158211477e+00,3.474980890750885010e-01,-1.982589811086654663e-01,8.569177389144897461e-01,-5.348744568834099544e-01,-1.497035636791953728e+00,2.321299646668619321e+00
1.491387033462524414e+01,2.820715010166168213e-01,3.001694381237030029e-01,8.663893938064575195e-01,2.823110717781931456e-01,-8.178126560135892120e-01,-1.726455584847221836e+00,3.394785821437835693e-01,-2.537130415439605713e-01,8.597840070724487305e-01,-9.962805560017866657e-01,-1.490209379770839782e+00,2.552748615751157857e+00
1.499587464332580566e+01,2.641309499740600586e-01,3.623106181621551514e-01,8.606292009353637695e-01,2.924247519082974200e-01,-5.287085116354479641e-01,-1.521589880615821233e+00,3.207904994487762451e-01,-3.430881798267364502e-01,8.584340214729309082e-01,-4.934073772903331268e-01,-1.059442859599351250e+00,1.598999783059080304e+00
